frame,ball_x,2877_x,2878_x,2879_x,6718_x,12086_x,12087_x,17896_x,17897_x,17898_x,17899_x,ball_y,2877_y,2878_y,2879_y,6718_y,12086_y,12087_y,17896_y,17897_y,17898_y,17899_y,stretch_index,Time [s],12086_vx,12086_vy,12086_speed,12087_vx,12087_vy,12087_speed,17896_vx,17896_vy,17896_speed,17897_vx,17897_vy,17897_speed,17898_vx,17898_vy,17898_speed,17899_vx,17899_vy,17899_speed,2877_vx,2877_vy,2877_speed,2878_vx,2878_vy,2878_speed,2879_vx,2879_vy,2879_speed,6718_vx,6718_vy,6718_speed
0,-17.67540799942294,-17.67540799942294,-21.399503858504577,-22.137414965986387,-46.49740267868245,-11.32108843537415,1.2258503401360694,-2.3795918367346953,-13.48435374149659,-9.157823129251696,-9.8706657751405,19.45446391073517,19.45446391073517,8.506222201117811,-3.8571428571428505,-0.6653133607946506,-10.142857142857148,6.142857142857142,25.42857142857143,21.999999999999993,29.142857142857146,18.66466276192615,22.08870306193969,0.0,,,,,,,,,,,,,,,,,,,,,,,,,,,,,,
1,-16.46893916211161,-17.54709199957786,-21.422118163752554,-22.07261019593037,-46.48342242597768,-10.971741939896193,1.1698865065680897,-2.2315263923271793,-13.461112560282547,-8.992136912959502,-9.751832326771275,18.813229707580582,19.552696148580573,8.440168678976374,-3.880113206240536,-0.6670243041761591,-10.20361264127876,6.114351259185381,25.41726481277543,22.039116431349825,29.16907374914566,18.725221170454528,22.053416713572062,0.05,,,,,,,,,,,,,,,,,,,,,,,,,,,,,,
2,-15.335589648273658,-17.44204813046956,-21.452782859707185,-22.01453234875855,-46.47178472759931,-10.633045668111663,1.1116197480296275,-2.0962454607079093,-13.448789684225176,-8.840003254914018,-9.648277715203537,18.210858183405037,19.637557427185097,8.370925250743667,-3.9025871992769123,-0.6684071429188362,-10.258021180523093,6.088599655475103,25.403112894644355,22.069837639751995,29.191239392144922,18.775263948048178,22.020456035490902,0.1,,,,,,,,,,,,,,,,,,,,,,,,,,,,,,
3,-14.275359457909156,-17.359540149097946,-21.491120121260998,-21.963021631544066,-46.46244164699285,-10.304949761198738,1.0509814263309027,-1.9732701476177459,-13.447134238368534,-8.700914490689636,-9.559412440587,17.647349338208578,19.70933534793285,8.298677583178778,-3.9245665019205616,-0.669478097667654,-10.306237093574909,6.0655060832280325,25.386222256179163,22.092365488136416,29.2095058166336,18.815143968349798,21.98964454362001,0.15000000000000002,,,,,,,,,,,,,,,,,,,,,,,,,,,,,,
4,-13.288248591018046,-17.298831812462915,-21.536752123306382,-21.917918251360067,-46.45534524760382,-9.987404360335486,0.9879029032823241,-1.8621215587974616,-13.455895347756702,-8.574362955860696,-9.484647003071245,17.12270317199118,19.768317512207936,8.22361134304083,-3.9460527798401004,-0.6702533890677205,-10.348414713418961,6.044974293945908,25.366699479380735,22.106901839432965,29.22402476739039,18.845214105002125,21.960827064009386,0.2,6.352902370138805,-0.8497257162702607,6.409477538567887,-1.2643159885594708,-0.41448572557237484,1.3305237072785925,2.242127546773044,-0.38619225593118395,2.275144038196203,-0.16518718952566147,0.29880154312691737,0.341422274842187,2.551337273604121,0.2964488062823075,2.568502244193669,1.5188887443278785,0.6155176787549975,1.6388669959779714,1.243616452704188,1.191147340866152,1.7220377083818612,-0.8975270366069714,-1.493898132394304,1.7427812287868152,0.9084593207551908,-0.42979218513466877,1.004997343215302,0.14384544996048018,-0.016154653802696713,0.14474973683505607
5,-12.374257047600345,-17.259186877564385,-21.589301040735894,-21.87906241527963,-46.45044759287771,-9.680359606700156,0.9223155406941332,-1.7623207999878796,-13.474822137433716,-8.45984098600157,-9.423391902806015,16.636919684752847,19.81479152139448,8.145912197088945,-3.9670476987041114,-0.6707492377640321,-10.384708373039949,6.026908039130497,25.34465114625003,22.113648556571565,29.234947989193937,18.865827231647856,21.933867131795296,0.25,6.142889425581447,-0.7320465118093417,6.1863545477423605,-1.3144927793512364,-0.36517503623820907,1.3642741931364515,2.0151709465589205,-0.436703382576817,2.0619466016871555,-0.3685007953028929,0.14300885996755747,0.395277586220222,2.31074597420774,0.22453422721741031,2.3216292935155254,1.2486819993178244,0.42637747862315223,1.3194712917291516,0.822348417974114,0.940984239095083,1.2496832633791173,-1.0358653442886174,-1.5465562486731164,1.8614116261074651,0.7835084386833862,-0.4199650040242414,0.8889634852417497,0.09987055670204574,-0.01056579972798621,0.1004279055834007
6,-11.533384827656086,-17.239869101402274,-21.64838904844195,-21.846294330375926,-46.447700746260026,-9.383765641470806,0.8541507003766858,-1.673388976929848,-13.503663732443629,-8.356840916686629,-9.375057639940952,16.189998876493586,19.849044976876577,8.06576581208223,-3.9875529241812147,-0.6709818644016385,-10.415272405422623,6.011211070283542,25.320183838787976,22.112807502482077,29.242427226822894,18.877336221929713,21.908644653787388,0.30000000000000004,5.933873657461258,-0.6174539670432719,5.965911999361885,-1.3660423339368193,-0.31778931686917533,1.402519770992099,1.7977922315285075,-0.4850828692036758,1.8620854700413516,-0.5667969019612582,-0.008746564593877827,0.5668643845445531,2.080307963323997,0.15565454372588558,2.0861230930248937,0.9902652513143447,0.24429475134563663,1.0199535251645973,0.4158052432459006,0.6965731650061509,0.8112386668037149,-1.1666471498197746,-1.595501029769658,1.976534621042253,0.6617534151490239,-0.41017113628579505,0.7785614577561469,0.05685439453348602,-0.005301358553965977,0.057101020834018315
7,-10.765631931185235,-17.240142240976475,-21.713638321317017,-21.81945420372207,-46.44705677119628,-9.097572605825569,0.7833397441402545,-1.5948471953641297,-13.542169257830572,-8.264855083490254,-9.339054714625743,15.781940747213383,19.871365480038325,7.983357854779805,-4.007570121939985,-0.6709674896255945,-10.440261143551739,5.997787138906811,25.293404138995516,22.104580540094414,29.246614225055954,18.880093949490398,21.885053809144015,0.35000000000000003,5.7258550657782745,-0.505948081971884,5.748164898117464,-1.418964652316047,-0.27232856746512923,1.4448610774673147,1.5899914016818883,-0.5313307158120142,1.676420289482218,-0.7600755095009808,-0.1564647305574799,0.7760128813696332,1.8600232409529482,0.08980975580765206,1.8621901753374543,0.7436385003176074,0.06926949692242039,0.7468577390363611,0.023986928519568518,0.457914118599427,0.4585419421955782,-1.2898724532001793,-1.6407324756839055,2.08704911353051,0.5431942501520837,-0.4004105819193298,0.6748248865529937,0.01479696345480111,-0.0003613302809544819,0.014801374498831324
8,-10.070998358187776,-17.25927005328692,-21.78467103425357,-21.798382242391185,-46.44846773113196,-8.821730640942686,0.7098140337951568,-1.526216561031557,-13.59008783863856,-8.183375821986793,-9.314793627010037,15.412745296912258,19.882040632263852,7.898873991940783,-4.02710095764902,-0.6707223340809543,-10.45982892041203,5.986539996502008,25.264418628873543,22.08916953233847,29.247660728671754,18.87445328797263,21.863001161609134,0.4,5.518833650532235,-0.3975288565952794,5.533132390795733,-1.4732597344891796,-0.22879278802612132,1.4909193087219355,1.3917684570189353,-0.5754469224016693,1.5060407027880822,-0.9483366179218726,-0.30014563792318777,0.994700831836293,1.6498918070944941,0.026999863462608322,1.6501127136485358,0.5088017463272871,-0.0986982846465573,0.5182861839349665,-0.3531065262050044,0.2250070998748705,0.4187032527252032,-1.4055412544301251,-1.682250586415862,2.1921480911201052,0.4278309436927076,-0.390683340924773,0.5793727550179895,-0.026301736533846605,0.0042542850913118695,0.02664357870733659
9,-9.449484108663746,-17.296516295333493,-21.861109362144106,-21.78291865345639,-46.45188568951259,-8.556189888000223,0.6335049311517407,-1.4670181796729316,-13.647168599911616,-8.11189546775062,-9.301684877243517,15.082412525590179,19.88135803493725,7.812499890324287,-4.046147096976941,-0.6702626184127243,-10.474130068988238,5.977373394570892,25.23333389042307,22.066776342144138,29.245718482448982,18.86076711101915,21.842403958035842,0.45,5.312809411723471,-0.2921962909135343,5.320838516410841,-1.5289275804560643,-0.18718197855215424,1.5403430265281606,1.203123397539668,-0.617431488972672,1.3523045342238578,-1.1315802272241418,-0.43978928669101164,1.2140380666737058,1.4499136617486585,-0.03277513330906294,1.4502840535180792,0.2857549893435518,-0.25960859336127623,0.38607322580276643,-0.715475120927696,-0.0021478911676300755,0.7154783449573923,-1.5136535535092879,-1.7200553619655596,2.291230570736557,0.3156634957706723,-0.3809894133022087,0.4947690123790317,-0.06644170543268044,0.00854548756266623,0.06698899595072881
10,-8.901089182613138,-17.351144724116097,-21.94257547988106,-21.772903643990837,-46.45726270978367,-8.300900488176342,0.5543437980202863,-1.416773157029085,-13.713160666693877,-8.049906356356104,-9.299138965475837,14.790942433247167,19.86960528944265,7.724421216689411,-4.064710205592327,-0.669604563265988,-10.483318922265068,5.970191084615237,25.20025650564496,22.037602832441298,29.24093923116628,18.839388292272645,21.82318859032751,0.5,5.107782349351744,-0.18995038492659283,5.111313106930839,-1.585968190216789,-0.1474961390432128,1.592812045224474,1.0240562232442616,-0.6572844155250327,1.216845902839544,-1.3098063374077031,-0.5753956768609721,1.4306197351021264,1.260088804915431,-0.08951523450747345,1.2632643323873778,0.0744982293664366,-0.4134614292217264,0.4201194349620199,-1.063118855648558,-0.22355085452795312,1.0863685773234044,-1.6142093504378607,-1.7541468023329618,2.383842031506277,0.2066919063861507,-0.37132879905155824,0.4249783772977324,-0.10562294324155834,0.01251227713315111,0.106361474313147
11,-8.425813580035936,-17.422419096634666,-22.028691562356926,-21.76817742106762,-46.46455085539067,-8.055812582649203,0.4722619962111112,-1.375002598840834,-13.787813164029357,-7.996900823377623,-9.306566391856695,14.538335019883252,19.84706999716414,7.634823637795278,-4.082791949163771,-0.6687643892857613,-10.487549813227309,5.964896818136766,25.16529305654015,22.00185086615985,29.233474719602302,18.81066970537583,21.8052892008243,0.55,4.9037524634170255,-0.09079113863441436,4.9045928733507616,-1.6443815637711157,-0.10973526949942375,1.6480390033741465,0.8545669341325196,-0.6950057020587608,1.1015069544977214,-1.4830149484724027,-0.7069648084330281,1.6429037031291125,1.0804172365949605,-0.14322044013257237,1.0898685698758628,-0.12496853360405315,-0.5602567922277857,0.5740250932045703,-1.3960377303675586,-0.43920179020605776,1.4634956635159568,-1.707208645215863,-1.7845249075180518,2.469633678068894,0.10091617553909162,-0.3617014981728138,0.37551570974580384,-0.14384544996048018,0.01615465380269671,0.14474973683505607
12,-8.02365730093215,-17.50960316988908,-22.119079784464144,-21.768580191759895,-46.47370218977915,-7.8208763125969405,0.3871908875345106,-1.3412276108489958,-13.870875216962165,-7.952371204389539,-9.323377656535772,14.324590285498383,19.81403975948581,7.543892820400999,-4.1003939933598845,-0.6677583171170989,-10.486977074859686,5.961394346637243,25.128550125109594,21.95972230622971,29.223476692535765,18.77496422397141,21.7886464141598,0.6000000000000001,4.700719753919518,0.0052814479629351915,4.700722720878329,-1.70416770111926,-0.07389936992060442,1.7057692312891464,0.694655530204529,-0.7305953485737655,1.0081249272790338,-1.6512060604184242,-0.8344966814072005,1.8500989609321343,0.9108989567870575,-0.19389075018441054,0.9313058211365497,-0.31264529956801934,-0.6999946823795865,0.7666417929526637,-1.7142317450846587,-0.6491006982020563,1.833009054059033,-1.7926514378432554,-1.811189677520907,2.548334206017684,-0.0016636967705048397,-0.352107510666096,0.3521114411012785,-0.18110922558952733,0.019472617571496226,0.18215305220809241
13,-7.694620345301778,-17.61196070087927,-22.2133623210952,-21.773952163140773,-46.48466877639457,-7.596041819197695,0.29906183380080975,-1.3149692987943564,-13.962095950536325,-7.915809834966228,-9.348983259662699,14.149708230092573,19.770802177791793,7.451814431265693,-4.11751800384926,-0.6666025674050357,-10.48175504014693,5.9595874216184175,25.090134293354215,21.911419015580737,29.21109689474528,18.73262472170211,21.773206181497596,0.65,4.498684220859043,0.09826737486555207,4.4997573485654865,-1.7653266022612861,-0.03998844030678531,1.7657794562202682,0.5443220114601616,-0.7640533550702598,0.9381172536277951,-1.8143796732458026,-0.9579912957835798,2.0517604444682735,0.7515339654918052,-0.24152616466295737,0.7893910244641978,-0.4885320685253751,-0.8326750996771992,0.9654073770176586,-2.0177008997999883,-0.8532475785158968,2.1906958600629443,-1.8705377283199656,-1.8341411123414677,2.6197299504051204,-0.10104771054266898,-0.34254683653128426,0.35713999359285625,-0.21741427012867928,0.022466168439384693,0.2185719414287505
14,-7.438702713144835,-17.72875544660512,-22.31116134714257,-21.78413354228339,-46.49740267868245,-7.38125924362961,0.20780619682036403,-1.2957487684177478,-14.061224489795913,-7.886709050682017,-9.382793701387161,14.013688853665847,19.717644853466204,7.358774137148487,-4.1341656463004695,-0.6653133607946506,-10.472038042073784,5.959379794582013,25.05015214327495,21.857142857142854,29.196487071009553,18.684004072210673,21.75891872572553,0.7000000000000001,4.2976458642356885,0.18816664207330439,4.301763203567958,-1.82785826719698,-0.008002480658047614,1.8278757847996754,0.40356637789950295,-0.7953797215480507,0.891905108641485,-1.9725357869543758,-1.0774486515619734,2.2476194134168783,0.6023222627091812,-0.28612668356814186,0.6668287540327063,-0.6526288404761765,-0.9582980441204618,1.1594220736152911,-2.306445194513528,-1.0516424311475803,2.534884857007225,-1.9408675166460547,-1.8533792119797374,2.683650726262726,-0.19723586577736024,-0.3330194757684117,0.38704516272653844,-0.25276058357783465,0.025135306406444593,0.2540072759563265
15,-7.511537597359131,-17.85925116406655,-22.41209903749871,-21.79896453626086,-46.5118559600883,-7.1764787270708545,0.11335533840341583,-1.2830871254599718,-14.168009959785008,-7.864561187111323,-9.424219481858843,13.679807515384534,19.654855387893132,7.264957604808465,-4.150338586382154,-0.6639069179309306,-10.457980413625002,5.960675217029796,25.008710256872725,21.79709569384595,29.17979896610721,18.629455149139776,21.74573757859458,0.75,4.097604684049454,0.2749792495862583,4.106820879274752,-1.8917626959265559,0.02205850902562392,1.8918912959046417,0.2723886295226815,-0.82457444800722,0.8684000148547075,-2.125674401544297,-1.1928687487424838,2.4375043616591054,0.46326384843917773,-0.32769230690008605,0.5674465977272025,-0.8049356154203582,-1.0768635157094357,1.3444539324343683,-2.580464629225158,-1.2442852560972082,2.864793797330451,-2.0036408028215544,-1.8689039764357167,2.7399595872692424,-0.29022816247461947,-0.3235254283775037,0.4346275291559905,-0.28714816593715603,0.027480031472592512,0.2884600862005126
16,-7.58350020751097,-18.00271161026349,-22.515797567056094,-21.818285352146326,-46.527980684057624,-6.981650410699557,0.015640620360290427,-1.276505475661875,-14.282201485547647,-7.848858579828487,-9.472671101227398,13.34992475600478,19.582721382456686,7.170550501004773,-4.16603848976289,-0.6623994594589396,-10.439736487785295,5.963377440463517,24.965915216148478,21.731479388619885,29.161184324816947,18.56933082613213,21.73361870293657,0.8,3.8985606803002986,0.35870519740446427,3.9150280709885723,-1.9570398884497127,0.05019452874428254,1.9576834820008888,0.1507887663295904,-0.8516375344476655,0.8648836581479029,-2.2737955170154223,-1.3042515873252114,2.6213008709874885,0.33435872268189626,-0.3662230346587287,0.49589824213049755,-0.945452393357909,-1.1883715144440998,1.5185872001463603,-2.8397592039349564,-1.4311760533645566,3.180015288022598,-2.058857586846443,-1.880715405709404,2.788545319729957,-0.3800246006343448,-0.31406469435854995,0.4930064191568124,-0.32057701720648063,0.029500343637857297,0.321931505503509
17,-7.654590543600399,-18.15840054219583,-22.62187911070718,-21.841936197012913,-46.54572891403591,-6.796724435693851,-0.0854065954986568,-1.2755249247642588,-14.403548192127909,-7.83909356440789,-9.527559059642499,13.024040575526607,19.501530438540996,7.0757384924965026,-4.181267022111271,-0.6608072060237324,-10.417460597539412,5.967390216384921,24.92187360310314,21.660495804394607,29.14079489191743,18.503983976830483,21.72251969499063,0.8500000000000001,3.700513852988266,0.4393444855278414,3.726503234014669,-2.023689844766709,0.07640557849782936,2.0251316994796893,0.03876678832016488,-0.876568980869489,0.8774258043272006,-2.4168991333677785,-1.411597167309984,2.798929792551341,0.21560688543724021,-0.40171886684405983,0.45592145927387834,-1.0741791742889109,-1.2928220403244646,1.680847918886393,-3.0843289186428637,-1.6123148229497684,3.4803223940721644,-2.1065178687207213,-1.8888134998007975,2.8293168730754474,-0.466625180256699,-0.3046372737115582,0.5572637861767151,-0.35304713738591026,0.031196242902223736,0.35442275150955016
18,-7.7248086056273495,-18.32558171686347,-22.72996584334447,-21.869757277933736,-46.565052713468674,-6.621650943231894,-0.18985494736318342,-1.2796665785078956,-14.531799204569861,-7.834758476423911,-9.58829385725382,12.702154973949996,19.411570157530118,6.980707246042777,-4.196025849095897,-0.6591463782703539,-10.391307075872119,5.972617296295734,24.876691999737623,21.58434680409998,29.118782412187272,18.433767474877527,21.712399063535152,0.9,3.503464202113274,0.5168971139564654,3.541390128453193,-2.091712564877673,0.10069165828637848,2.0941347292176773,-0.0636773045055091,-0.8993687872727207,0.9016202164046078,-2.554985250601476,-1.5149054886968827,2.970334706809155,0.10700833670512623,-0.43417980345614027,0.44717209869759345,-1.1911159582133126,-1.3902150933506312,1.8306980176124958,-3.3141737733490015,-1.7877015648529035,3.76558424217702,-2.146621648444318,-1.8931982587098872,2.8621991804121443,-0.5500299013415092,-0.2952431664365334,0.6242606985044157,-0.3845585264754854,0.03256772926587262,0.38593512055076273
19,-7.794154393591874,-18.503518891266314,-22.8396799398604,-21.901588801981916,-46.585904145801415,-6.456380074491836,-0.29777307342288895,-1.2884515426336391,-14.666703647917563,-7.835345651450876,-9.65428599421104,12.384267951274976,19.313128140808214,6.885642428402708,-4.210316636385377,-0.6574331968438488,-10.361430255768123,5.978962431697742,24.83047698805291,21.503234250665887,29.09529863040521,18.359034193915974,21.70321558397931,0.9500000000000001,3.3074117276754618,0.5913630826902706,3.3598634841216573,-2.161108048782239,0.12305276810991722,2.164608505538794,-0.15654351214753842,-0.9200369536572692,0.9332598069618313,-2.6880538687164695,-1.6141765514859476,3.135474372481562,0.008563076485683337,-0.46360584449488873,0.463684920316284,-1.2962627451311493,-1.4805506735225187,1.9678230106599848,-3.5292937680533183,-1.9573362790738302,4.035725437960141,-2.1791689260173333,-1.8938696824367103,2.8871299905221557,-0.6302387638889276,-0.2858823725334629,0.6920474192088322,-0.4151111844750638,0.03361480272854068,0.4164699874405947
20,-7.862627907493926,-18.69147582240427,-22.950643575147453,-21.937270976230618,-46.60823527447964,-6.300861970651802,-0.40922961186753837,-1.3014009228822987,-14.808010647215047,-7.840347425063194,-9.724945970663818,12.070379507501519,19.206491989759375,6.790729706335414,-4.224141049648305,-0.6556838823892573,-10.327984470212186,5.986329374092658,24.783335150049894,21.417360007022243,29.070495291349857,18.280137007588547,21.694927726836244,1.0,3.1123564296747035,0.6627423917292621,3.18213607866359,-2.2318762964806234,0.14348890796835936,2.236484041861693,-0.23983183460566593,-0.9385734800231961,0.968730863704245,-2.8161049877126274,-1.7094103556770683,3.294317997084668,-0.07972889522111354,-0.4899969899603664,0.49644108099894263,-1.3896195350423666,-1.5638287808400257,2.0920331995345975,-3.7296889027557243,-2.12121896561261,4.290704978370551,-2.204159701439749,-1.8908277709812686,2.904057445878948,-0.7072517678988935,-0.2765548920022707,0.7593995466725655,-0.44470511138472685,0.034337463290311024,0.44602880790024735
21,-7.930229147333552,-18.88871626727727,-23.06247892409808,-21.976644007752917,-46.63199816294887,-6.155046772889964,-0.5242932008868215,-1.318035824994676,-14.95546932750643,-7.849256132835223,-9.79968428676182,11.760489642629631,19.091949305767688,6.696154746600026,-4.237500754553256,-0.6539146555515952,-10.291124052189021,5.994621874982245,24.735373067729498,21.326925936098945,29.044524139799904,18.197428789537952,21.687493161094398,1.05,2.9182983081110914,0.7310350410733738,3.008467591050502,-2.3040173079728046,0.162000077861748,2.3097055614656736,-0.31354227188017153,-0.9549783663704501,1.0051330441744282,-2.9391386075901127,-1.8006069012703252,3.4468421732839856,-0.15786757841530005,-0.5133532398526238,0.5370788779889751,-1.47118632794708,-1.6400494153032743,2.2032138562052994,-3.915359177456219,-2.2793496244692837,4.5305046296255895,-2.221593974711544,-1.8840725243435252,2.9129382186137796,-0.781068913371336,-0.2672607248430607,0.8255282808473117,-0.4733403072044949,0.03473571095126676,0.4746131224900293
22,-7.996958113110722,-19.09450398288521,-23.174808161604776,-22.019548103621986,-46.65714487465457,-6.0188846223844426,-0.6430324786703682,-1.3378773547116103,-15.108828813835773,-7.861564110341334,-9.877911442654746,11.454598356659325,18.96978769021729,6.6021032159556166,-4.250397416768866,-0.6521417369759414,-10.251003334683407,6.003743685868267,24.68669732309268,21.23213390082587,29.017536920534,18.111262413406894,21.68086833393515,1.1,2.7252373629845366,0.79624103072286,2.8391756662125562,-2.3775310832585017,0.17858627779012134,2.3842288293021023,-0.37767482397103264,-0.9692516126990418,1.0402340897034879,-3.057154728348819,-1.8877661882657903,3.5930288357630937,-0.22585297309675217,-0.5336745941714379,0.5794981776681366,-1.540963123845118,-1.7092125769122848,2.3012985425897345,-4.086304592154956,-2.43172825564375,4.755122241242898,-2.231471745832658,-1.8736039425234883,2.913736070046326,-0.8516902003063772,-0.25799987105580513,0.8899101812895103,-0.5010167719343478,0.034809545711366345,0.5022245615580205
23,-8.062814804825457,-19.308102726227993,-23.287253462560006,-22.06582347091094,-46.68362747304228,-5.892325660313411,-0.7655160834079281,-1.3604466177738581,-15.267838231247067,-7.876763693155877,-9.959037938492227,11.152705649590581,18.840294744492272,6.508760781161329,-4.262832701963685,-0.6503813473073308,-10.207776650680053,6.0135985582524425,24.63741449814036,21.13318576413291,28.98968537833082,18.02199075283812,21.67500812902311,1.1500000000000001,2.5331735942951026,0.8583603606774558,2.6746496906354484,-2.452417622338318,0.19324750775339794,2.4600196734189805,-0.43222949087809903,-0.9813932190090315,1.0723595400338684,-3.1701533499888157,-1.9708882166632997,3.732863863714769,-0.2836850792655987,-0.5509610529170824,0.6197058221684133,-1.5989499227366062,-1.771318265666975,2.3862542307358745,-4.242525146851841,-2.5783548591360574,4.9645677960222026,-2.2337930148031506,-1.85942202552116,2.9064207372602753,-0.9191156287039146,-0.248772330640481,0.9521875925573117,-0.527734505574285,0.03455896757055392,0.5288648509905698
24,-8.12779922247773,-19.52877625430551,-23.39943700185622,-22.11531031669288,-46.711398021557486,-5.775320027854969,-0.8918126532891386,-1.385264719922319,-15.432246704784449,-7.894347216853245,-10.042474274423977,10.854811521423398,18.703758069976747,6.416313108976269,-4.274808275806342,-0.6486497071907891,-10.161598333163731,6.0240902436365324,24.587631174873483,21.030283388949993,28.961121257969012,17.929966681474337,21.66986560622493,1.2000000000000002,2.3421070020427663,0.9173930309372833,2.5153678025748145,-2.5286769252118,0.20598376775170985,2.5370526807056635,-0.4772062726014564,-0.9914031853003784,1.100275466614571,-3.2781344725101227,-2.0499729864629144,3.8663361034818093,-0.3313638969218603,-0.5652126160893747,0.6551849613428532,-1.645146724621509,-1.826366481567376,2.458072877382946,-4.384020841546965,-2.7192294349462687,5.158861062191573,-2.2285577816230524,-1.8415267733365348,2.890967077458325,-0.9833451985640398,-0.23957810359710094,1.0121094047888963,-0.5534935081243474,0.03398397652899635,0.554535818677676
25,-8.191911366067547,-19.755788324117706,-23.5109809543859,-22.16784884804097,-46.740408583645696,-5.667817866187306,-1.021990826503659,-1.411852766897757,-15.601803359491948,-7.913807017007774,-10.127630950599611,10.560915972157817,18.560465268054806,6.324945866159556,-4.286325803965429,-0.6469630372713757,-10.112622715119118,6.035122493522277,24.53745393529296,20.923628638206953,28.93199630422727,17.835543072958227,21.66539182609491,1.25,2.1520375862275714,0.9733390415022516,2.3619175815952413,-2.6063089918790148,0.2167950577849378,2.6153100501143993,-0.5126051691410416,-0.9992815115730631,1.123088419850308,-3.381098095912656,-2.125020497664676,3.993436671549859,-0.36888942606542524,-0.5764292836884366,0.6843611091788041,-1.6795535294998736,-1.8743572246134879,2.5167667877489683,-4.510791676240129,-2.854351983074262,5.338030234994665,-2.215766046292324,-1.8199181859697025,2.8673544209820263,-1.0443789098867229,-0.23041718992569818,1.0694949223018475,-0.5782937795843524,0.03308457258640278,0.5792394016718653
26,-8.255151235594951,-19.988402692664458,-23.621507495041502,-22.223279272028286,-46.770611222752414,-5.56976931648855,-1.1561192412413002,-1.4397318644409738,-15.776257320413649,-7.934635429193835,-10.213918467168853,10.271019001793807,18.410703940110594,6.234844719470302,-4.297386952109545,-0.645337558194155,-10.061004129531014,6.046599059411431,24.48698936139975,20.813423374833732,28.90246226188423,17.739072800932533,21.661535762801652,1.3,1.9629653468494108,1.0261983923724516,2.2150205627576987,-2.685313822339938,0.22568137785306916,2.6947805863853906,-0.5384261804968741,-1.0050281978270852,1.1401685973012987,-3.47904422019644,-2.1960307502686143,4.114158448845595,-0.3962616666963469,-0.584611055714187,0.7062530672189842,-1.702170337371516,-1.91529049480528,2.5623663939645547,-4.622837650931461,-2.9837225035201382,5.50211122432853,-2.195417808811015,-1.7945962634205104,2.8355660993754697,-1.1022167626718318,-0.2212895896262142,1.1242112232101722,-0.6021353199545435,0.031860755742980945,0.6029776540579878
27,-8.3175188310599,-20.22588311694571,-23.73063879871552,-22.281441795728032,-46.80195800232316,-5.4811245199368335,-1.2942665356916687,-1.4684231182928085,-15.95535771259359,-7.956324788985845,-10.300747324281346,9.985120610331347,18.25476168752818,6.146195335667627,-4.307993385907291,-0.6437894906041086,-10.006896909384137,6.058423692805756,24.43634403519476,20.699869461760223,28.872670875718576,17.640908739039965,21.658244309352842,1.35,1.7748902839085092,1.075971083547854,2.075559994927627,-2.76569141659464,0.23264272795618784,2.7754588180508395,-0.5546693066691925,-1.0086432440624857,1.1510947978137065,-3.571972845361584,-2.26300374427461,4.228495708239685,-0.4134806188147142,-0.589757932166677,0.7202642853070766,-1.7129971482366613,-1.9491662921429163,2.594919741397236,-4.720158765620946,-3.1073409962838903,5.651147391446697,-2.1675130691789546,-1.7655610056890714,2.7955891275134435,-1.1568587569195496,-0.2121953026987456,1.1761585904753056,-0.6250181292347993,0.03031252599874389,0.6257527555709146
28,-8.379014152462375,-20.467493353961316,-23.837997040300394,-22.34217662621327,-46.83440098580339,-5.401833617710314,-1.436501348044477,-1.4974476341940406,-16.13885366107586,-7.978367431958122,-10.387528022086777,9.70322079777047,18.092926111691696,6.05918338151063,-4.3181467710272505,-0.6423350551463543,-9.950455387663233,6.070500145206974,24.385624538678925,20.58316876191631,28.84277389050895,17.54140376092323,21.655462378995626,1.4000000000000001,1.5878123974045273,1.1226571150285687,1.9446097827779694,-2.8474417746431993,0.23767910809427817,2.8573442246967207,-0.561334547657523,-1.0101266502792636,1.155617723989331,-3.6598839714079396,-2.32593947968276,4.336443836522694,-0.42054628242027303,-0.5918699130457434,0.7260641635739143,-1.7120339620951857,-1.9759846166262214,2.6144933529291703,-4.802755020308689,-3.225207461365442,5.785189621261142,-2.1320518273964044,-1.73281241277532,2.747414030060372,-1.2083048926298448,-0.20313432914322613,1.2252608984333455,-0.6469422074251393,0.028439883353595465,0.6475670210204331
29,-8.439637199802426,-20.712497160711223,-23.94320439468863,-22.405323970557127,-46.86789223663866,-5.3318467509871486,-1.582892316489347,-1.5263265178855163,-16.326494290904527,-8.000255693685055,-10.473671060734777,9.425319564111183,17.925484813985243,5.973994523758438,-4.327848773138041,-0.640990472465898,-9.891833897353049,6.082732168116841,24.3349374538532,20.463523138231853,28.812923051034034,17.440910740225046,21.653133106506022,1.4500000000000002,1.4017316873377106,1.1662564868143677,1.823459875161287,-2.93056489648564,0.2407905182673581,2.940440559882371,-0.5584219034622083,-1.0094784164773478,1.1536384596570841,-3.74277759833558,-2.384837956492954,4.437999124530348,-0.4174586575133456,-0.5909469983516907,0.7235261471389393,-1.6992807789472149,-1.9957454682551448,2.6211743817915663,-4.870626414994559,-3.3373218987648245,5.904296666870493,-2.0890340834632015,-1.6963504846792632,2.6910348137366245,-1.2565551698026358,-0.19410666895953144,1.2714591199453862,-0.6679075545255434,0.02624282780760481,0.6684229105915142
30,-8.499387973080022,-20.960158294195324,-24.04588303677264,-22.47072403583278,-46.90238381827446,-5.2711140609454326,-1.7335080792160518,-1.5545808751080754,-16.51802872712362,-8.021481909741027,-10.558586940375058,9.151416909353443,17.75272539579291,5.890814429170154,-4.337101057908246,-0.6397719632077704,-9.831186771438304,6.095023513037108,24.28438936271849,20.341134453636798,28.783270102072482,17.3397825505881,21.651198152697773,1.5,1.2166481537079956,1.2067691989053837,1.7136290816124171,-3.0150607821216844,0.2419769584753466,3.024755257590472,-0.5459313740831422,-1.006698542656851,1.1451999917026439,-3.8206537261444327,-2.439699174705316,4.533158607214085,-0.40421774409374966,-0.5869891880842152,0.7127049119853225,-1.6747375987925848,-2.0084488470299124,2.6150741473131003,-4.9237729496785505,-3.443684308482133,6.008535734808629,-2.0384598373793894,-1.6561752214009593,2.6264490995622443,-1.3016095884380563,-0.18511232214791812,1.3147068466106355,-0.6879141705360323,0.023721359360757692,0.6883230411036664
31,-8.558266472295191,-21.20974051141355,-24.145655141444962,-22.538217029113326,-46.937827794156284,-5.2195856887633845,-1.888417274414258,-1.581731811602452,-16.713206094777227,-8.041538415700341,-10.641686161157292,8.881512833497279,17.574935458498842,5.809828764504907,-4.3459052910064715,-0.6386957480170307,-9.768668342903732,6.10727793146953,24.23408684727574,20.216204571061027,28.753966788403,17.23837206565516,21.64959811482318,1.55,1.0325617965153986,1.2441952513016115,1.6168505456549123,-3.1009294315515032,0.24123842871824602,3.1102989115120074,-0.523862959520454,-1.0017870288176307,1.1304908895983132,-3.8935123548346424,-2.4905231343198144,4.621919940872212,-0.38082354216145975,-0.5799964822435602,0.6938461570689178,-1.6384044216313545,-2.0140947529503093,2.5963333227232477,-4.962194624360662,-3.544294690517283,6.097983301326994,-1.9803290891449363,-1.6122866229404051,2.553658445412422,-1.343468148535862,-0.1761512887082109,1.3549671371084762,-0.7069620554565653,0.020875478012999223,0.7072701983242634
32,-8.616272697447894,-21.460507569365802,-24.24214288359802,-22.60764315747189,-46.974176227729636,-5.177211775619107,-2.0476885402736333,-1.60730043310953,-16.9117755189094,-8.059917547137445,-10.722379223231137,8.615607336542702,17.392402603487117,5.731223196521814,-4.354263138101265,-0.637778047538714,-9.704432944734089,6.119399174915852,24.184136489525887,20.08893535343442,28.725164854804177,17.137032159068927,21.648273044519676,1.6,0.8494726157598392,1.2785346440030365,1.5350096289085078,-3.1881708447750556,0.23857492899615051,3.197084817801869,-0.4926479451690368,-0.9948398612020428,1.11013888649834,-3.961285460648269,-2.537266238931793,4.704200513154861,-0.3477332471164299,-0.5701055400303953,0.6677864463460491,-1.5908776272148633,-2.012844500198575,2.5656255780515687,-4.986106233370183,-3.6391135034527338,6.172876352355118,-1.9150177234336299,-1.564827765864878,2.473050508559538,-1.382130850096287,-0.16722356864051138,1.3922102602325386,-0.7250512092872646,0.01770518376443978,0.7252673504446877
33,-8.673406648538137,-21.71172322505195,-24.33496843812429,-22.678842627981606,-47.011381182440026,-5.1439424626907515,-2.21139051498389,-1.6308078453700736,-17.1134861245642,-8.076111639626648,-10.800076626746257,8.353700418489689,17.205414432141847,5.655183391979966,-4.362176264861317,-0.6370350824178898,-9.63863490991413,6.131290994877802,24.134644871469852,19.95952866368687,28.697016046054756,17.036115704472063,21.647163073455186,1.6500000000000001,0.6673806114414461,1.3097873770097637,1.4700135555504497,-3.2767850217925325,0.23398645930902928,3.2851285731587225,-0.4544427580037526,-0.9863369710212618,1.085992099743573,-4.023632924796326,-2.5797105065178885,4.779594983985967,-0.3072328359580722,-0.5579996574498025,0.6369895079237464,-1.5351391142999258,-2.005504659685238,2.5256090434334375,-4.996581748353322,-3.727943040201529,6.234050727974914,-1.8444051636140766,-1.5145140330110838,2.3865420934384893,-1.4175976931193093,-0.15832916194461388,1.4264120523394601,-0.7421816320280075,0.01421047661501022,0.7423176628407695
34,-8.72966832556595,-21.96265123547194,-24.42375397991625,-22.751655647715584,-47.04939472173296,-5.119727891156444,-2.3795918367346953,-1.6517751541249674,-17.318087036785716,-8.089613028742356,-10.87418887185232,8.09579207933825,17.01425854584713,5.581895017638485,-4.369646336955165,-0.6364830732995589,-9.571428571428573,6.142857142857142,24.08571857510859,19.828186364748287,28.66967210693333,16.935975575507356,21.646209144672504,1.7000000000000002,0.48628578356004093,1.3379534503215897,1.4235846650340294,-3.36677196260365,0.2274730196568519,3.374447721160581,-0.4118351103944376,-0.9768542757287281,1.0601190660313098,-4.080146604731941,-2.6175943586503174,4.847617615132567,-0.2620654810854918,-0.5444987897073614,0.6042824243425848,-1.474767161394398,-1.993043116503057,2.4793464954635747,-4.994909935285258,-3.8105460522589434,6.282466591872781,-1.7707467177288239,-1.4622038837832687,2.2964285610700537,-1.4498686776048375,-0.14946806862073655,1.4575527043084286,-0.7583533236787938,0.010391356564711154,0.7584245142569749
35,-8.785057728531324,-22.21263053564088,-24.508253243502164,-22.82592242374697,-47.088168909053934,-5.10451820219437,-2.5523611437157463,-1.6698744150032034,-17.525303572302754,-8.100074068448873,-10.944335191611978,7.841882319088401,16.81923638548324,5.511493663457923,-4.3766750200514295,-0.6361382408288003,-9.50296826226217,6.154001370355626,24.03743058725821,19.69512557829018,28.643236951498313,16.83690818585373,21.645377306216893,1.75,0.30618813211586665,1.3630328639385827,1.3970002721636163,-3.458131667208634,0.21903461003959834,3.465061440746234,-0.36741271471121256,-0.9669676927778829,1.0344170444301684,-4.130418357908343,-2.6506562169010746,4.9077830220520715,-0.21497435489816238,-0.5304228920088859,0.5723306890521871,-1.4133400470063755,-1.9764277557447019,2.4297729857231567,-4.982379560141437,-3.8866852911204863,6.319052827246146,-1.6962976938202288,-1.408755777585388,2.2049985730018142,-1.478943803552884,-0.1406402886687528,1.4856158537334951,-0.7735662842396858,0.006247823613472519,0.7735915145684441
36,-8.83957485743424,-22.461300772634885,-24.58874620195356,-22.901483163148885,-47.12765580784846,-5.098263536982643,-2.729767074116733,-1.6853814831868297,-17.73476581458324,-8.10778718627038,-11.01096975073975,7.591971137740079,16.620704749914708,5.4439146122045585,-4.383263979818656,-0.6360168056506444,-9.433408315399632,6.164627428875002,23.98971951399576,19.560624460950592,28.617623170926603,16.738984109335213,21.64473018892835,1.8,0.12708765710872688,1.3850256178608378,1.3908440727558862,-3.550864135607326,0.2086712304572583,3.5569902715586545,-0.32376328332378984,-0.9572531396221958,1.0105227542936142,-4.174040041778731,-2.6786345028423035,4.959606140631474,-0.16870262979522416,-0.5165919195599853,0.5434406946985979,-1.3544360496439465,-1.9566264625030318,2.3796815178385167,-4.960279388897247,-3.9561235082812973,6.344705259402895,-1.6233133999307467,-1.355028173821578,2.1145325124587138,-1.5048230709634571,-0.13184582208887563,1.5105878973784284,-0.7878205137106622,0.0017798777614325947,0.7878225242960354
37,-8.893219712274732,-22.708376771545165,-24.66564438797773,-22.978178072994474,-47.167807481562036,-5.100914036699418,-2.9118782661273297,-1.6987231637461286,-17.9460800387798,-8.11320482812095,-11.074755446863097,7.346058535293368,16.41903427750228,5.37904306984601,-4.389414881925504,-0.6361349884101215,-9.362903063825748,6.174639069917006,23.942490366213434,19.424976428109186,28.592695525674905,16.64221745981203,21.644357469189714,1.85,-0.05101564146120618,1.403931712088275,1.404858301709042,-3.6449693677998165,0.19638288090992068,3.650255871594959,-0.2834745286022228,-0.948286533715057,0.9897500484423177,-4.210603513796261,-2.701267638045998,5.00260220312869,-0.1259934781760107,-0.5038258275665545,0.5193407562150426,-1.3016334478151346,-1.9346071218705931,2.331727760366449,-4.929898187528112,-4.018623455237015,6.360285419253923,-1.554049144102885,-1.3018795318958332,2.027303395611082,-1.5275064798365388,-0.12308466888081074,1.5324574648766318,-0.8011160120917439,-0.003012480991462869,0.8011216760714336
38,-8.94599229305273,-22.953573357463053,-24.739359334282042,-23.055847360356836,-47.208575993640174,-5.112419842522831,-3.09876335793728,-1.7103262617513764,-18.158852520045148,-8.116779439914698,-11.136355177609524,7.104144511748223,16.21459560660667,5.316764242350021,-4.395129392040535,-0.6365090097523153,-9.291606840525228,6.183940044983389,23.89564815480348,19.28847489514565,28.56831877619989,16.546622351144514,21.644352527532888,1.9000000000000001,-0.22812176359414443,1.419751146620978,1.437961354611759,-3.7404473637860987,0.18216956139758522,3.7448808032238037,-0.2491341629161787,-0.940643792510006,0.973076860026767,-4.239700631413987,-2.718294044084318,5.036286722786585,-0.08959007243971336,-0.4929445712342124,0.5010196916180387,-1.2585105200279854,-1.9113376189401616,2.2884624145038863,-4.892524722009312,-4.073947883482915,6.36661994411534,-1.4907602343789552,-1.2501683112123223,1.945581373976701,-1.546994030172287,-0.11435682904472545,1.5512150120914445,-0.8134527793828686,-0.008129252645297576,0.8134933982733266
39,-8.997892599768337,-23.19660535547984,-24.810302573573782,-23.1343312323091,-47.24991340752837,-5.132731095631053,-3.290490987736198,-1.7206175822728564,-18.372689533531958,-8.118963467565774,-11.196431840606518,6.86622906710463,16.007759375588662,5.2569633356842616,-4.400409175832372,-0.6371550903222126,-9.219673978482795,6.1924341055758925,23.84909789065812,19.151413277439612,28.544357682958182,16.452212897192865,21.644812457048424,1.9500000000000002,-0.4042307092899022,1.4324839214588785,1.4884262331641511,-3.837298123566092,0.16603127192011252,3.840888344169778,-0.22289861324079704,-0.9348048472181599,0.9610119115636588,-4.260991275842929,-2.729495738933909,5.060256282212189,-0.06177838958568108,-0.48463144656791085,0.4885531787045357,-1.2280491650391663,-1.8876245246223728,2.2519394080901094,-4.8492329639870375,-4.1218990859320055,6.36436268715302,-1.4353260941276802,-1.2006098946077841,1.8712629733722455,-1.5632857219704728,-0.10566230258053869,1.5668525044506787,-0.8248308155840787,-0.01357043719991997,0.8249424410847664
40,-9.048920632421442,-23.43718759068679,-24.8788856385603,-23.213469895924394,-47.291771786672136,-5.161797937202174,-3.4871297937138253,-1.7300239303808516,-18.58719735439289,-8.120209356988251,-11.255648333481554,6.632312201362634,15.798896222808892,5.199525555816424,-4.4052558989696005,-0.6380894507649018,-9.147258810683233,6.2000250031962745,23.802744584669583,19.014084990370772,28.520677006406462,16.359003211817356,21.645838028639826,2.0,-0.5793424785486228,1.4421300366018794,1.5541482393646366,-3.935521647139952,0.14796801247765246,3.9383023205213368,-0.20519916497097254,-0.9308656840818639,0.9532143615714048,-4.274407423325288,-2.7348291261901747,5.074430920806435,-0.04301562501387832,-0.47902311276837,0.48095060719540955,-1.21084576259999,-1.863629153099303,2.2224448432048827,-4.800237707790407,-4.162437521166634,6.353594901227866,-1.3881226080229176,-1.1533473586496439,1.804742226637493,-1.5763815552312472,-0.09700108948845353,1.5793631688231915,-0.8352501206953941,-0.019336034655439448,0.8354739052525021
41,-9.099076391012147,-23.6750348881752,-24.945520061948883,-23.293103558275885,-47.33410319451696,-5.199570508414395,-3.6887484140598303,-1.73897211114563,-18.80198225778061,-8.120969554096256,-11.314667553862115,6.4023939145222215,15.58837678662811,5.144336108714172,-4.4096712271208185,-0.639328311725413,-9.07451567011123,6.206616489346297,23.756493247730088,18.876783449318776,28.497141507001356,16.2670074088783,21.647533588778863,2.0500000000000003,-0.753457071370244,1.4486894920502325,1.632911143563723,-4.035117934507559,0.1279797830701109,4.037146959210083,-0.19603581810679027,-0.928826303100984,0.9492883351822246,-4.279949073861145,-2.734294205853119,5.078811758571764,-0.03330177872432011,-0.47611956983571074,0.4772827812175355,-1.20690031271053,-1.839351504370933,2.1999596181412944,-4.745538953419594,-4.195563189186808,6.334263211525245,-1.3491497760645943,-1.1083807033376147,1.746056385626286,-1.5862815299545265,-0.08837318976818052,1.5887412983065168,-0.844710694716793,-0.025426045011815987,0.8450932738661869
42,-9.148359875540379,-23.909862073036344,-25.010617376446852,-23.373072426436636,-47.37685969450836,-5.245998950445836,-3.895415486963879,-1.7478889296374824,-19.01665051884778,-8.121696504803861,-11.374152399375687,6.176474206583353,15.376571705407038,5.0912802003451985,-4.413656825954618,-0.6408878938487723,-9.001598889751563,6.212112315527666,23.710248890731854,18.739802069663313,28.473615945199544,16.1762396022359,21.65000686341988,2.1,-0.9265744877547002,1.4521622878037026,1.7225897919926174,-4.136086985668922,0.10606658369755656,4.137446757747718,-0.19540857264818806,-0.9286867042755734,0.9490223943420032,-4.277616227450443,-2.727890977922719,5.0734002184707965,-0.032636850716915196,-0.4759208177699952,0.477038561136916,-1.2162128153707186,-1.8147915784374347,2.1846377469592997,-4.685136700874468,-4.22127608999261,6.30632045917619,-1.318407598252622,-1.065709928672055,1.695268783172876,-1.592985646140335,-0.07977860341994565,1.5949820984490009,-0.8532125376482369,-0.031840468269062075,0.8538064475159093
43,-9.52791842646883,-24.141383970361527,-25.07458911476158,-23.45321670747982,-47.41999335009185,-5.30103340447466,-4.107199650615716,-1.75720119092667,-19.23080841274709,-8.122842655025238,-11.434765767649747,5.941596005662718,15.163851617506387,5.040243036677183,-4.417214361139615,-0.6427844177800482,-8.928662802588974,6.21641623324218,23.663916524567107,18.60343426678403,28.449965081457673,16.086713905750457,21.65336864112555,2.15,-1.0986947277020997,1.4525484238623416,1.8212707180277632,-4.238428800624012,0.08222841435999435,4.239226369290423,-0.20331742859505492,-0.9304468876056907,0.9524019043584604,-4.267408884093128,-2.715619442398917,5.05819805266381,-0.041020840991734475,-0.47842685657110023,0.4801822221658912,-1.2387832705806237,-1.7899493752985198,2.176810225445018,-4.6190309501551186,-4.239576223584181,6.269725151397883,-1.295896074587109,-1.0253350346527208,1.6524704443397995,-1.59649390378874,-0.07121733044361937,1.5980815664383738,-0.8607556494898051,-0.03857930442717789,0.8616197832331272
44,-9.894225556666623,-24.369315405242023,-25.137846809600337,-23.53337660847856,-47.463456224712914,-5.364624011679004,-4.324169543204976,-1.7673357000835053,-19.444062214631202,-8.124860450674461,-11.497170556311783,5.714918041183208,14.950587161286897,4.991109823677845,-4.420345498344367,-0.6450341041642571,-8.855861741608166,6.219431993991545,23.61740116012809,18.467973456060594,28.426053676232407,15.998444433282204,21.657732310027644,2.2,-1.2698177912124005,1.4498479002262594,1.927302819141308,-4.342143379372922,0.05646527505734557,4.3425105013482,-0.21976238594747882,-0.9341068530913174,0.9596098786848187,-4.249327043789188,-2.6974795992818192,5.033207378364194,-0.058453749548712214,-0.48363768623912845,0.4871573179036124,-1.2746116783401917,-1.7648248949543541,2.176979981628643,-4.547221701261452,-4.250463589961255,6.224441013457306,-1.2816152050679663,-0.9872560212797357,1.6177799558081127,-1.5968063028997035,-0.0626893708392449,1.5980363970186786,-0.8673400302413976,-0.04564255348619118,0.8685401376723406
45,-10.247281266133747,-24.593371202769116,-25.20080199367046,-23.613392336505953,-47.50720038181706,-5.436720913236976,-4.546393802921402,-1.7787192621782422,-19.656018199652802,-8.128202337665618,-11.562029662989275,5.496440313144814,14.737148975109259,4.943765767314802,-4.423051903237516,-0.647653173646487,-8.783350039793932,6.221063349277534,23.57060780830703,18.3337130528727,28.401746489980393,15.911445298691412,21.663213227828212,2.25,-1.4399436782855788,1.4440607168953228,2.039301142723859,-4.4472307219156075,0.028777165789590244,4.447323826664851,-0.24474344470552487,-0.939666600732402,0.9710163099857354,-4.223370706538743,-2.673471448571374,4.99843072485514,-0.0849355763879445,-0.4915533067739576,0.49883735379055644,-1.3236980386493709,-1.7394181374049666,2.185806934351146,-4.469708954193528,-4.25393818912396,6.1704366338278716,-1.2755649896953254,-0.9514728885530613,1.5913411641090487,-1.593922843473113,-0.0541947246068096,1.5948439105820424,-0.8729656799030949,-0.053030215446047566,0.8745749150524083
46,-10.587085554870193,-24.81326618803413,-25.26386619967927,-23.69310409863516,-47.5511778848498,-5.517274250326788,-4.773941067954603,-1.7917786822811257,-19.866282642964553,-8.13332076191288,-11.630005985309737,5.286162821547536,14.523907697334199,4.898096073555809,-4.425335241487638,-0.6506578468717249,-8.711282030130976,6.2212140506018905,23.523441479996126,18.20094647259999,28.376908283158297,15.825730615838383,21.66992791237032,2.3000000000000003,-1.609072388921722,1.4351868738696025,2.156125069590783,-4.553690828252112,-0.0008359134430691081,4.55369090497573,-0.27826060486917054,-0.9471261305289651,0.9871559508775333,-4.1895398723417925,-2.643594990267611,4.953871093852735,-0.12046632150943179,-0.5021737181757299,0.5164209308736926,-1.3860423515083193,-1.713729102650281,2.204082765561504,-4.386492708951367,-4.250000021072298,6.1076851969300145,-1.2777454284691556,-0.9179856364726897,1.5733184702227314,-1.5878435255091916,-0.04573339174632348,1.5885020001945487,-0.8776325984749175,-0.060742290306759546,0.8797321204420959
47,-10.91363842287597,-25.0287151861283,-25.327450960334087,-23.77235210193929,-47.595340797256625,-5.606234164126514,-5.006879976494348,-1.8069407654624692,-20.074461819719108,-8.1406681693303,-11.701762420900621,5.084085566391368,14.311233966322453,4.853985948368517,-4.427197178763336,-0.6540643444850687,-8.639812045604042,6.219787849466345,23.47580718608762,18.069967130622135,28.351403816222767,15.741314498583332,21.677993052773054,2.35,-1.77720392312066,1.4232263711491449,2.2768458638849114,-4.661523698382216,-0.03237396264093421,4.661636114502728,-0.3203138664383294,-0.9564854424809455,1.008694886826855,-4.147834541198185,-2.6078502243704693,4.899532036215894,-0.16504598491301145,-0.5154989204442727,0.5412756359888339,-1.4616446169168995,-1.687757790690369,2.232695981587772,-4.297572965534865,-4.238649085806232,6.036164300837258,-1.2881565213892947,-0.8867942650385525,1.5638897953829851,-1.5785683490077158,-0.0373053722577511,1.5790090953785652,-0.8813407859567637,-0.06877877806832833,0.8840204190534618
48,-11.226939870151087,-25.239433022142936,-25.391967808342248,-23.850976553491474,-47.63964118248305,-5.703550795814348,-5.245279166730294,-1.8246323167925638,-20.280162005069172,-8.150697005832036,-11.777961867389395,4.890208547676345,14.099498420434724,4.8113205977206,-4.428639380733202,-0.6578888871315297,-8.569094419197867,6.216688497372654,23.427609937473747,17.941068442318794,28.32509784963047,15.658211060786561,21.687524357531913,2.4000000000000004,-1.9443382808824534,1.4081792087337568,2.4007124014373242,-4.770729332306179,-0.06583698180376624,4.771183592181251,-0.3709032294129819,-0.9677445365885259,1.036387328022646,-4.098254713108073,-2.5662371508799904,4.8354177490749635,-0.21867456659886575,-0.5315289135798296,0.5747534706711702,-1.5505048348752322,-1.6615042015252048,2.272589152191258,-4.202949723944167,-4.21988538332589,5.955855860446074,-1.3067982684559047,-0.8578987742508226,1.563237672684616,-1.5660973139687069,-0.028910666141199113,1.5663641413913707,-0.8840902423486947,-0.07713967873087721,0.8874492022932223
49,-11.526989896695515,-25.445134521169322,-25.457828276411057,-23.928817660364853,-47.68403110397458,-5.809174286568439,-5.4892072768521185,-1.8452801413416922,-20.482989474167407,-8.163859717332162,-11.859267222403599,4.704531765402438,13.889071698031733,4.769985227579757,-4.429663513065831,-0.6621476954561382,-8.499283483897202,6.211819745822591,23.378754745046717,17.81454382306965,28.29785514383804,15.5764344163083,21.698635275273723,2.45,-2.11047546220732,1.3900453866237323,2.527119477478879,-4.881307730023944,-0.10122497093161652,4.882357181723969,-0.4300286937932337,-0.9809034128515948,1.0710257619821386,-4.040800388071363,-2.518755769796173,4.761533198888693,-0.28135206656704126,-0.5502636975821266,0.6180203251012857,-1.6526230053832944,-1.6349683351546667,2.324711649835423,-4.1026229841791695,-4.193708913631053,5.866746100061237,-1.333670669668996,-0.8312991641092685,1.5715392948902411,-1.5504304203924382,-0.02054927339654048,1.5505665935764896,-0.8858809676507304,-0.08582499229414405,0.8900286614194424
50,-11.813788502509293,-25.64553450829873,-25.525443897247833,-24.005715629632522,-47.72846262517672,-5.923054777566891,-5.738732945049492,-1.8693110441800853,-20.682550502166457,-8.180608749744792,-11.946341383570662,4.527055219569636,13.680324437474205,4.72986504391369,-4.4302712414298275,-0.6668569901039632,-8.430533572686773,6.205085346317853,23.329146619698776,17.690686688254367,28.269540459302178,15.495998679008828,21.711435643983823,2.5,-2.2756154670949353,1.3688249048188028,2.6555804213267398,-4.99325889153548,-0.13853793002460116,4.995180388730084,-0.49769025957906277,-0.9959620712700099,1.113389438556125,-3.9754715660880273,-2.465406081119019,4.677884277918067,-0.3530784848172425,-0.5717032724513564,0.6719442299569434,-1.7679991284408143,-1.6081501915789527,2.3899723757489126,-3.996592746239834,-4.160119676721919,5.768825643399681,-1.3687737250284566,-0.8069954346141472,1.5889566204954602,-1.5315676682785648,-0.012221194023904773,1.5316164272100277,-0.8867129618628102,-0.09483471875840527,0.8917698697632161
51,-12.087335687592411,-25.840347808622482,-25.595226203559903,-24.081510668367606,-47.77288780953496,-6.045142409987863,-5.993924809512139,-1.897151830378049,-20.87845136421903,-8.201396548984064,-12.039847248518114,4.357778910177959,13.473627277122835,4.690845252690057,-4.4304642314937865,-0.6720329917200641,-8.362999018551351,6.196389050360227,23.278690572322105,17.569790453252597,28.240018556479466,15.416917962748382,21.726030342562275,2.5500000000000003,-2.439758295545583,1.344517763319156,2.7857043196585374,-5.106582816840856,-0.17777585908255844,5.109676342130373,-0.5738879267706443,-1.012920511844005,1.1641972838859527,-3.9022682471582253,-2.406188084848496,4.584478004358425,-0.4338538213497652,-0.595847638187428,0.7370641398367784,-1.8966332040481855,-1.5810497707979259,2.4691974178745326,-3.8848590101263207,-4.119117672598295,5.662089713989991,-1.4121074345343991,-0.7849875857652449,1.6156277159274255,-1.5095090576273098,-0.003926428023124361,1.50951416419188,-0.8865862249850357,-0.10416885812335779,0.8926848745979404
52,-12.347631451944842,-26.029289247231826,-25.66758672805461,-24.156042983643307,-47.81725872049481,-6.175387325009538,-6.254851508429783,-1.929229305005874,-21.07029833547778,-8.226675560964082,-12.140447714873428,4.196702837227403,13.26935085533839,4.652811059876558,-4.430244148926305,-0.6776919209494374,-8.296834154475626,6.185634609451468,23.227291613808973,17.45214853344404,28.20915419582665,15.339206381387278,21.742518031125126,2.6,-2.60290394755911,1.317123962124682,2.9171774871991967,-5.221279505939947,-0.21893875810556926,5.22586776133393,-0.6583234482853825,-1.0317123571421922,1.2238546279857976,-3.8216411191078272,-2.341429327119088,4.48187819302902,-0.5233619115188866,-0.6226022907603739,0.8133518936406111,-2.0380506768292728,-1.553704289074091,2.562742199131915,-3.7677911531357906,-4.071031221379719,5.547030320729893,-1.4635135248410756,-0.7654323977635189,1.6515927442740717,-1.4845749232302667,0.004273271547098495,1.4845810734122498,-0.885605755405794,-0.11377156921275797,0.8928838244525434
53,-12.59467579556662,-26.212073649218073,-25.74293700343923,-24.22915278253266,-47.86152742150178,-6.313739663810016,-6.521581679992021,-1.9659702731337978,-21.257697691095363,-8.256898231598916,-12.248805680264022,4.0438270007179575,13.067865810481527,4.615647671440858,-4.429612659396005,-0.6838499984371668,-8.232193313444395,6.17272577509328,23.174854755051623,17.338054344208334,28.176812137800322,15.26287804878575,21.760990070404908,2.6500000000000004,-2.7650524231354234,1.2866435012353703,3.04974858012235,-5.337348958832696,-0.262026627093633,5.343776928508387,-0.7495055887121147,-1.0520057200078672,1.2916944926877891,-3.7358436210667927,-2.2727675386030497,4.3728708928566835,-0.6200219320970032,-0.6514947100195503,0.8993734227031388,-2.189878769904203,-1.526299827719118,2.6692995693575785,-3.647236061754769,-4.0175019236627865,5.426108421032391,-1.5222006292201935,-0.7491137716134179,1.6965453717537982,-1.4583669390461087,0.012069139393798663,1.4584168790261665,-0.8842965450675419,-0.12336364614402567,0.8928599939566894
54,-12.828468718457692,-26.38841583967251,-25.821688562421127,-24.30068027210885,-47.90564597600139,-6.460149567567468,-6.794183962388648,-2.0078015398321947,-21.440255706224487,-8.292517006802719,-12.365584042317487,3.8991514006496524,12.869542780913049,4.579240293350681,-4.42857142857143,-0.6905234448282439,-8.169230828442338,6.15756629878745,23.12128500694222,17.22780130092516,28.142857142857167,15.187947078804058,21.781529703897647,2.7,-2.9262037222747264,1.253076380651216,3.183216712698087,-5.454791175519416,-0.3070394660467609,5.463425665480841,-0.845644865557478,-1.0734023358532898,1.366494717611094,-3.6475798799911257,-2.2021679961072076,4.260796036422644,-0.7219368952107175,-0.6819578717845229,0.9931059457859299,-2.34927015101723,-1.49905968430747,2.7867992714898806,-3.525409999767003,-3.9604997001635756,5.302270602435616,-1.5872191075978237,-0.7369723885205048,1.7499693702934487,-1.4328071138251524,0.019090657165410377,1.432934289707302,-0.8832885843012303,-0.1326100418581176,0.8931876322243179
55,-13.049010220618129,-26.558159925740462,-25.904197542036624,-24.370577776622067,-47.949603196875074,-6.614567177460035,-7.072726993809273,-2.0550455236924474,-21.61773639675691,-8.333873674863646,-12.49127960427964,3.7626760370224384,12.674637492951824,4.543419258503369,-4.427143735691717,-0.697708936355995,-8.108101032454229,6.1400599320357045,23.06651061247398,17.121568177827115,28.10718704786434,15.11441455961063,21.804208787431783,2.75,-3.0863578449769093,1.2164226003723677,3.317421994553479,-5.573606155999829,-0.35397727496492165,5.584835314795843,-0.9449517963278194,-1.095503940090298,1.4467421263433715,-3.559554022836773,-2.131595976438071,4.148990991585837,-0.8272098129868201,-0.7134247518744271,1.0923602662532073,-2.5133774879126176,-1.4722071564131765,2.9128096930867473,-3.404529230956216,-3.901994471597985,5.178453450675844,-1.6576193198999987,-0.7299489296897956,1.811222584239997,-1.4098174563178996,0.02496730651051745,1.4100385195210317,-0.8832118634377851,-0.14117570929586615,0.8944237120137389
56,-13.256300302047876,-26.72166714278349,-25.990598496638125,-24.43924608903099,-47.99353489474822,-6.776942634665837,-7.357279412443563,-2.1076070973909324,-21.790534741540785,-8.380867393566113,-12.62572479187007,3.6344009098363736,12.482946024749758,4.507795407515061,-4.425439314278002,-0.7053249716065472,-8.048958258464822,6.12011042633982,23.010552743043963,17.01907518455858,28.069831995331196,15.04222947660661,21.829079357266632,2.8000000000000003,-3.2455147912420164,1.1766821603986695,3.4522379939354106,-5.693793900273947,-0.4028400538481617,5.708026724515329,-1.045636898529584,-1.1179122681311373,1.5307136776042316,-3.474470176559814,-2.063016756402546,4.040789668493185,-0.9339436975521662,-0.7453283261090196,1.1948912686507862,-2.679353448334406,-1.4459655416106183,3.044626618918445,-3.2868100191063108,-3.843956158682278,5.0575803554238306,-1.7324516260526117,-0.7289840763268222,1.8795761277879672,-1.3913199752743766,0.029328569077546565,1.3916290592545228,-0.8846963728081136,-0.14872560139835236,0.8971103480459549
57,-13.450338962746974,-26.879428008217182,-26.08097058490707,-24.507198119471326,-48.03761362968215,-6.947226080363046,-7.647909856481288,-2.1652867471252026,-21.95920346016335,-8.433286663068543,-12.768585936426692,3.5143260190913956,12.294149542416953,4.471924707931513,-4.423589511421934,-0.7132705047543043,-7.991956839458847,6.097621533201487,22.953455802150124,16.919927889616844,28.030855204177595,14.971327789501213,21.85618204414268,2.85,-3.403674561069915,1.1338550607302302,3.5875657229405613,-5.815354408341932,-0.45362780269643,5.833020236378503,-1.145910689669402,-1.140229055387994,1.6165499087407111,-3.3950324681161232,-1.99839561280728,3.9395216060900133,-1.0402415610333406,-0.7771015703074681,1.2984565282963516,-2.8443507000272077,-1.4205581374740424,3.1793578481650955,-3.174468628000888,-3.7883546821322907,4.942558271562965,-1.810766385981933,-0.7350185096368335,1.954258712174727,-1.3792366794452007,0.03180392651491665,1.3796033153297325,-0.8883721027431648,-0.15492467110651886,0.9017797107108672
58,-13.63112620271539,-27.031933039457158,-26.175392965524903,-24.57494677807887,-48.08201196173818,-7.125367655729781,-7.94468696411208,-2.227884959092786,-22.1242952722119,-8.490919983529452,-12.919529369287531,3.402451364787567,12.10792921206354,4.435363127298628,-4.421725674215105,-0.7214444899736173,-7.937251108421022,6.072497004122504,22.8952641932905,16.823731861499272,27.990319893323417,14.90164545800377,21.885548993081375,2.9000000000000004,-3.5608371544607724,1.0879413013669772,3.7233288218754415,-5.9382876802035565,-0.506340521509733,5.959835676978022,-1.2439836872535608,-1.1620560372726625,1.7023130287684485,-3.3239450244616253,-1.939697822458969,3.848511162527044,-1.1442064155572185,-0.808177460289353,1.4008422925947255,-3.0055219107346725,-1.396208241577657,3.313994479439513,-3.0697213214237795,-3.7371599626642587,4.836274762432804,-1.8916139596138077,-0.7489929108253026,2.034500860818788,-1.3754895775805052,0.032022860471006,1.3758622902112485,-0.8948690435738218,-0.15943787136136175,0.9089615173212608
59,-13.798662021953122,-27.179672753919036,-26.273944797173023,-24.64300497498934,-48.12690245097765,-7.311317501944244,-8.247679373525665,-2.2952022194912285,-22.286362897273715,-8.55355585510734,-13.07822142179047,3.298776946924844,11.923966199799592,4.39766663316217,-4.419979149749164,-0.7297458814388608,-7.884995398336091,6.044640590604612,22.836022319963075,16.730092668703147,27.948289281688492,14.833118441823562,21.917204324510767,2.95,-3.717002571414472,1.0389408823088477,3.8594696880315675,-6.062593715858959,-0.5609782102880497,6.088492351640965,-1.3383646558709648,-1.1830613266287109,1.786296183349528,-3.263461284726329,-1.888561116029896,3.770522861074802,-1.2442574378959237,-0.8380834759039245,1.5001868164807117,-3.1604943035774316,-1.3731019352332445,3.4458864124469737,-2.9744149858614564,-3.692013600874669,4.741108408079354,-1.9742029802199663,-0.7716911808965954,2.1196661731940196,-1.3816803436391258,0.02967660565307029,1.3819990133577595,-0.9047121872425884,-0.16198599628027543,0.91909934432366
60,-13.952946420460203,-27.323137669018383,-26.376705238532907,-24.711885620338478,-48.17245765746189,-7.505025760184485,-8.556955722911695,-2.367039014518088,-22.445959054936004,-8.620982777960585,-13.244328425273544,3.2033027655032367,11.741941671735226,4.358391193067966,-4.418481285115784,-0.7380736333244483,-7.835344042188814,6.01395604414953,22.775774585665825,16.638615879725787,27.90482658819271,14.765682700669835,21.951164870704158,3.0,-3.8721708119311575,0.9868538035560345,3.9959463492850618,-6.188272515308283,-0.6175408690315082,6.219009040726994,-1.4287553484393651,-1.2031785460248197,1.8678812754852732,-3.2140319367362773,-1.8453130396545494,3.7061005794068596,-1.34007846340398,-0.8667251131213656,1.5959394442755075,-3.3087933231792364,-1.3512764347033466,3.574081876300553,-2.888918998611202,-3.6532439168829804,4.65747185678875,-2.0583751744548286,-0.8032701000516742,2.209559053849653,-1.3981293124125922,0.024703409002283058,1.3983475364313558,-0.91800653213787,-0.1625132046868649,0.9322802876524812
61,-14.09397939823662,-27.462818302170835,-26.48375344828596,-24.782101624262026,-48.218850141252226,-7.706442571628739,-8.872584650459894,-2.443195830370941,-22.603636464786057,-8.692989252247745,-13.417516711074622,3.116028820522745,11.561536793980558,4.317092774561825,-4.417363427406578,-0.7463266998047206,-7.788451372963896,5.980347116259043,22.714565393896788,16.548907063064522,27.859995031755894,14.699274194251878,21.98744109476054,3.0500000000000003,-4.026341876010698,0.9316800651083869,4.132729926602719,-6.315324078551295,-0.676028497739937,6.351403998084697,-1.5151557649584793,-1.222407695460948,1.9467864716010999,-3.1756569804915293,-1.8099535933327862,3.655233134529567,-1.4316694920815207,-0.8941023719414836,1.687926712291842,-3.4504189695402934,-1.3307317399878063,3.6981398066020263,-2.8132333596730867,-3.6208509106891626,4.585285514928821,-2.1441305423182646,-0.8437296682903292,2.304164823890714,-1.4248364839010967,0.01710327051884975,1.4249391312326576,-0.9347520782597482,-0.16101949658086784,0.948519228107725
62,-14.221760955282358,-27.599205170791972,-26.595168585113612,-24.85416589689576,-48.26625246240998,-7.915518077455101,-9.19463479435991,-2.523473153247285,-22.759947846411126,-8.76936377812722,-13.597452610531741,3.0369551119833833,11.38243273264569,4.273327345189561,-4.416756923713143,-0.7544040350540914,-7.744471723646132,5.943717558434887,22.65243914815393,16.46057178721665,27.813857831297966,14.633828882278994,22.026038102961525,3.1,-4.179515763653171,0.8734196669659138,4.269802563733855,-6.443748405588116,-0.736441096413402,6.485694951430106,-1.5975659054286815,-1.2407487749371688,2.0227887543429364,-3.1483364159919076,-1.7824827770648217,3.617909208202092,-1.519030523928374,-0.920215252364452,1.7760207890985629,-3.585371242660427,-1.3114678510867364,3.81770020720989,-2.7473580690470536,-3.5948345822932364,4.524468149253495,-2.2314690838103877,-0.8930698856128401,2.4035449013051746,-1.461801858104438,0.0068761902026740285,1.4618180305186044,-0.9549488256081629,-0.15750487196258742,0.967850734474258
63,-14.336291091597426,-27.732788792297413,-26.711029807697315,-24.9285913483754,-48.31483718099648,-8.132202418841743,-9.523174792801463,-2.6076714693447105,-22.915445919398483,-8.849894855757507,-13.783802454982803,2.966081639885142,11.204310653840714,4.2266508724969745,-4.416793121127203,-0.7622045932469499,-7.70355942722021,5.903971122178792,22.589440251935276,16.37321562067949,27.766478205738718,14.569282724460438,22.066956673257405,3.1500000000000004,-4.331692474858526,0.8120726091287137,4.407155728952983,-6.573545496418693,-0.7987786650519341,6.621899104428324,-1.675985769849851,-1.2582017844533762,2.095709911018426,-3.1320702432374903,-1.762900590850518,3.594117764040969,-1.6021615589444993,-0.9450637543901558,1.8601255766268805,-3.7136501425398487,-1.2934847680001074,3.9324674475746813,-2.6912931267330107,-3.575194931695152,4.4749388256845535,-2.3203907989311485,-0.9512907520190766,2.5078212764551933,-1.5090254350227021,-0.005977831946282187,1.509037275225577,-0.9785967741831716,-0.15196933083191363,0.9903263724425443
64,-14.437569807181832,-27.864059684102763,-26.831416274718464,-25.00589088883671,-48.36477685707306,-8.35644573696679,-9.858273283974242,-2.6955912648606706,-23.070683403335387,-8.934370985297075,-13.976232575765795,2.9034084042280117,11.026851723675746,4.176619324029898,-4.4176033667403365,-0.7696273285576081,-7.665868816670912,5.861011558992509,22.525613108738792,16.28644413195037,27.717919373998075,14.505571680505481,22.110194239448592,3.2,-4.482872009626774,0.7476388915966093,4.54478881433703,-6.704715351042997,-0.8630412036554955,6.760033140282578,-1.7504153582217843,-1.2747667240095744,2.1654062267715033,-3.12685846222832,-1.7512070346899318,3.583848479101252,-1.6810625971300954,-0.9686478780186087,1.9401675615935174,-3.8352556691782467,-1.2767824907278778,4.042197369821662,-2.64503853273113,-3.5619319588949834,4.436618996423955,-2.4108956876805054,-1.0183922675090402,2.617162743774002,-1.5665072146559358,-0.02145879592797839,1.5666541843980046,-1.0056959239847172,-0.1444128731887772,1.0160115006544521
65,-14.525597102035569,-27.993508363623626,-26.956407144858538,-25.086577428415424,-48.41624405070104,-8.58819817300839,-10.199998906067918,-2.787033025992824,-23.226213017809066,-9.022580666904382,-14.17440930421868,2.8489354050120017,10.849737108260909,4.1227886673341345,-4.4193190076441695,-0.7765711951605229,-7.631554224982953,5.814742620377814,22.461002122062492,16.199862889526585,27.66824455499586,14.442631710123413,22.155745789038196,3.25,-4.633054367957941,0.6801185143697223,4.682707974029839,-6.837257969461122,-0.9292287122241275,6.900113226649353,-1.8208546705446675,-1.290443593605843,2.231760829372783,-3.1327010729643736,-1.7474021085830413,3.587092156835756,-1.7557336384849562,-0.990967623249789,2.016089640774179,-3.9501878225759652,-1.2613610192700717,4.146687286806359,-2.608594287041288,-3.555045663892666,4.4094346379945915,-2.502983750058526,-1.0943744320827486,2.731772876842707,-1.6342471970041466,-0.039566701742307774,1.6347261008507434,-1.0362462750127976,-0.1348354990332894,1.0449817961464472
66,-14.600372976158635,-28.12162534827559,-27.086081576798925,-25.171163877247285,-48.46941132194176,-8.827409868144729,-10.548420297272209,-2.8817972389386766,-23.382587482406837,-9.114312400737916,-14.377998971679418,2.802662642237117,10.672647973706288,4.064714869955493,-4.422071390930363,-0.7829351472300305,-7.600769985141041,5.765068057836435,22.395651695404393,16.113077461905466,27.617516967651937,14.380398773023524,22.203604650133535,3.3000000000000003,-4.782239549851984,0.6095114774481096,4.820925155331649,-6.971173351673026,-0.9973411907578263,7.042155021714473,-1.8873037068185483,-1.305232393242172,2.294677947368589,-3.1495980754456294,-1.7514858125298762,3.603841088109221,-1.8261746830092709,-1.0120229900837985,2.087846858685321,-4.058446602732728,-1.2472203536267248,4.245768179933237,-2.581960389663535,-3.5545360466882605,4.393318331397997,-2.5966549860651806,-1.1792372457402116,2.8518796605744297,-1.7122453820671417,-0.06030154938958532,1.7133068975723633,-1.0702478272674547,-0.12323720836542153,1.0773197395835694
67,-14.928953622150113,-28.24890115547428,-27.220518729221084,-25.260163145468056,-48.52445123085654,-9.074030963553856,-10.903606095776745,-2.979684389895713,-23.540359516715917,-9.209354686956118,-14.58666790948593,2.7279414189760223,10.495265486121982,4.001953899439802,-4.425991863690577,-0.7886181389405204,-7.573670430130001,5.711891622870106,22.329606232262474,16.02569341758431,27.565799830886196,14.318808828915078,22.25376315750034,3.35,-4.930427555308934,0.5358177808317021,4.959457286075266,-7.106461497678722,-1.0673786392564908,7.186173681280681,-1.9497624670432545,-1.319133122918614,2.354078561533496,-3.1775494696721327,-1.763458146530368,3.634089331149961,-1.89238573070298,-1.0318139785204758,2.155403405406632,-4.16003200964879,-1.2343604937977875,4.339298578105829,-2.5651368405978534,-3.560403107281675,4.388211172828097,-2.691909395700462,-1.2729807084813642,2.9777266628799466,-1.8005017698451673,-0.08366333886940994,1.8024445005287564,-1.1077005807486893,-0.10961800118505013,1.1131112625316433
68,-15.261140002793486,-28.375826302635286,-27.359797760806444,-25.354088143213477,-48.581536337506705,-9.328011600414019,-11.265624939771287,-3.080494965061575,-23.700081840323588,-9.30749602571748,-14.80008244897621,2.65338314472092,10.317270811618124,3.9340617233328627,-4.431211773016385,-0.7935191244663719,-7.550409892934493,5.655117066980599,22.262910136134742,15.937316325060458,27.513156363618467,14.257797837507352,22.306213199161157,3.4000000000000004,-5.07761838432879,0.4590374245204996,5.09832558924831,-7.2431224074780864,-1.1393410577202236,7.332183866728806,-2.0082309512190624,-1.3321457826348897,2.409897080712399,-3.21655525564378,-1.783319110584581,3.6778328894589274,-1.9543667815659653,-1.0503405885600308,2.2187304633202163,-4.254944043323891,-1.2227814397832604,4.427159728459759,-2.5581236398442537,-3.572646845673007,4.394064410159152,-2.7887469789644106,-1.3756048203062976,3.1095656182709903,-1.8990163603380945,-0.10965207018196153,1.9021794640167193,-1.1486045354564562,-0.09397787749239558,1.1524427188928383
69,-15.596296864299909,-28.50289130717421,-27.503997830236425,-25.45345178061926,-48.64083920195359,-9.589301919903296,-11.63454546744547,-3.184029450633777,-23.862307172817097,-9.408524917180465,-15.017908921488196,2.5783057354678767,10.138345116304798,3.8605943091804864,-4.437862465999498,-0.7975370579819889,-7.531142706539294,5.594648141669648,22.19560781051917,15.847551752831194,27.459649784768636,14.19730175850964,22.360946652717065,3.45,-5.223812036911558,0.3791704085145267,5.237555001684961,-7.3811560810713,-1.2132284461490577,7.480199753728578,-2.062709159345671,-1.344270372391319,2.462078778215193,-3.266615433360756,-1.8110687046924714,3.7350697774723227,-2.0121178355984064,-1.0676028202022636,2.277804637372802,-4.343182703758253,-1.2124831915831735,4.509251765880518,-2.560920787402745,-3.5912672618622152,4.41084071640258,-2.8871677358569356,-1.4871095812149182,3.247650295446613,-2.0077891535459913,-0.13826774332733702,2.0125444725376287,-1.192959691390801,-0.07631683728719578,1.1953982955219382
70,-15.933788952880734,-28.63058668650666,-27.653198096192476,-25.558766967821207,-48.70253238425852,-9.857852063199868,-12.010436316989013,-3.290088332809849,-24.027588233783728,-9.512229861503549,-15.239813658359878,2.5020271072130194,9.95816956629213,3.7811076245284974,-4.446075289731496,-0.8005708936617174,-7.516023203929114,5.53038859843902,22.12774365891376,15.75600526939386,27.40534331325655,14.137256551631213,22.417955725253723,3.5,-5.3690085130571195,0.29621673281356325,5.377173678251295,-7.520562518458237,-1.289040804542914,7.630235041583945,-2.113197091423171,-1.355506892187788,2.510577798429665,-3.327730002822843,-1.8467069288540974,3.8057999754013676,-2.0656388928001226,-1.0836006734472743,2.332606793899028,-4.424747990951651,-1.2034657491975254,4.585490659997274,-2.573528283273316,-3.616264355849289,4.438515035030722,-2.9871716663781647,-1.607494991207297,3.3922315238157092,-2.1268201494687733,-0.16951035830545472,2.1335645548610005,-1.2407660485516807,-0.05663488056968531,1.2420579281723112
71,-16.272981014747142,-28.759402958048252,-27.807477717356008,-25.670546614955043,-48.76678844448282,-10.133612171481868,-12.393366126591573,-3.3984720977873426,-24.19647774281071,-9.618399358845164,-15.465462990929158,2.423865175952406,9.776425327690193,3.6951576369226933,-4.455981591304023,-0.8025195856799465,-7.505205718088737,5.46224218879043,22.05936208481658,15.662282443245765,27.350300168002065,14.07759817658134,22.477233212880755,3.5500000000000003,-5.513207812765798,0.21017639741805672,5.517212566575034,-7.6613417196391325,-1.3667781329017863,7.782302963111985,-2.159694747451816,-1.3658553420243176,2.555355595119264,-3.3998989640302355,-1.8902337830693325,3.89002528529963,-2.1149299531712575,-1.0983341482950233,2.383121190399668,-4.499639904904328,-1.1957291126262903,4.655805771785318,-2.595946127455955,-3.647638127634168,4.477074961045891,-3.0887587705280684,-1.7367610502833923,3.543553257437446,-2.2561093481064525,-0.20337991511612227,2.2652577735184938,-1.2920236069391369,-0.034932007339781655,1.2924957431360475
72,-16.6132377961104,-28.889830639214587,-27.966915852408466,-25.78930363215652,-48.83377994268782,-10.416532385927436,-12.783403534442874,-3.508981231763809,-24.36952841948533,-9.726821909363824,-15.694523250534068,2.3431378576821356,9.592793566609133,3.602300313908913,-4.4677127178087375,-0.8032820882110414,-7.498844582002868,5.390112664225644,21.99050749172553,15.56598884288422,27.294583567925066,14.018262593069302,22.538772696312883,3.6,-5.6564099360371145,0.12104940232757458,5.657705040235242,-7.803493684613592,-1.446440431225749,7.936416294958875,-2.2022021274311787,-1.3753157219008687,2.5963796996914987,-3.483122316982784,-1.941649267338382,3.9877491085096106,-2.1599910167117207,-1.111803244745613,2.4293348158090944,-4.567858445616122,-1.1892732818694907,4.7201378918581565,-2.628174319950696,-3.6853885772170907,4.526520652900031,-3.191929048306519,-1.8749077584432585,3.701849558274037,-2.3956567494591012,-0.23987641375978871,2.4076361758179337,-1.3467323665531503,-0.011208217597484495,1.346779006096977
73,-16.953924043181747,-29.02236024742125,-28.131591660031283,-25.915550929561356,-48.90367943893485,-10.706562847714721,-13.180617178732593,-3.6214162209367866,-24.547292983394833,-9.837286013217959,-15.926660768512496,2.259163068398279,9.406955449159037,3.5020916230329386,-4.481400016337272,-0.8027573554294204,-7.497094128656294,5.3139037762464145,21.921224283138667,15.466730036806531,27.23825673194539,13.95918576080439,22.60256868803486,3.6500000000000004,-5.798614882871432,0.02883574754237738,5.79868658061413,-7.947018413381891,-1.528027699514782,8.092587368271984,-2.24071923136147,-1.3838880318174462,2.633622744130355,-3.577400061680556,-2.000953381661,4.0989761693492,-2.2008220834215453,-1.124007962798917,2.471236885308918,-4.629403613087065,-1.184098256927157,4.778437662554729,-2.670212860757479,-3.729515704597773,4.586864300652033,-3.2966824997136754,-2.0219351156868504,3.867342384114187,-2.545462353526701,-0.2789998542360473,2.560706838333007,-1.4048923273937364,0.014536488657261195,1.4049675302555116
74,-17.294404502172426,-29.157482300083863,-28.301584298905908,-26.049801417305314,-48.97665949328524,-11.003653698021886,-13.585075697650442,-3.7355775515038485,-24.7303241541265,-9.949580170566058,-16.161541876202445,2.171258724096916,9.218592141450022,3.3940875318406145,-4.497174833981219,-0.800844341509444,-7.500108691033681,5.233519276354481,21.851556862553963,15.364111593510044,27.181382878982937,13.900303639495876,22.66861674499836,3.7,-5.939822653268724,-0.06646456693771007,5.940194499420244,-8.091915905943951,-1.6115399377688022,8.250828079647073,-2.275246059242737,-1.3915722717739747,2.6670616823894018,-3.682732198123577,-2.068146126037377,4.223712211046052,-2.237423153300776,-1.1349483024549907,2.5088184502215087,-4.684275407317182,-1.1802040377992382,4.830664308605409,-2.722061749876424,-3.780019509776332,4.6581292022044645,-3.40301912474947,-2.1778431220141425,4.040240070529839,-2.7055261603092107,-0.32075023654498025,2.724472888167757,-1.46650348946086,0.042302111424428246,1.46711347660358
75,-17.634043919293674,-29.29568731461803,-28.476972927713724,-26.192568005524162,-49.05289266580031,-11.307755078027007,-13.996847729386042,-3.8512657096624867,-24.91917465126756,-10.063492881566582,-16.39883290494185,2.0787427407741568,9.027384809592144,3.277844007877723,-4.515168517832311,-0.7974420006254914,-7.508042602119842,5.148862916051587,21.78154963346944,15.257739081492025,27.124025227957503,13.841552188853031,22.73691355884743,3.75,-6.080033247228831,-0.1648515411124861,6.082267695359612,-8.238186162299856,-1.6969771459879461,8.411149902285313,-2.3057826110749136,-1.3983684417706748,2.6966771680116977,-3.7991187263117796,-2.143227500467474,4.36196368799339,-2.2697942263493425,-1.1446242637137107,2.5420720947783844,-4.732473828306525,-1.1775906244857024,4.876784618422557,-2.783720987307387,-3.8368999927527865,4.740348519841336,-3.5109389234139083,-2.3426317774252072,4.220736401215456,-2.875848169806615,-0.3651275606867999,2.898934430330074,-1.5315658527545386,0.0720886507039192,1.5332614698361295
76,-17.97220704075674,-29.437465808439327,-28.657836705136212,-26.344363604353607,-49.1325515165414,-11.618817128908297,-14.416001912129133,-3.968281181610292,-25.114397194405292,-10.178812646378006,-16.63820018606867,1.9809330344260614,8.833014619695577,3.1529170186900886,-4.535512414982114,-0.7924492869519475,-7.521050194899462,5.059838446839474,21.711246999383064,15.147218069249844,27.066246997789015,13.782867368585135,22.807457033622125,3.8000000000000003,-6.219246664751831,-0.266325174982163,6.224946439597377,-8.385829182449429,-1.784339324172058,8.57356389729541,-2.3323288868579573,-1.404276541807334,2.7224530560401665,-3.9265596462451966,-2.2261975049512266,4.513737474263681,-2.2979353025672817,-1.153035846575331,2.5709916993784083,-4.77399887605487,-1.1762580169866306,4.916772131296963,-2.8551905730503986,-3.9001571535271284,4.8335638022730905,-3.6204418957069397,-2.5163010819200156,4.4090101672667865,-3.0564283820189067,-0.4121318266612838,3.08408934646159,-1.6000794172747739,0.10389610649584563,1.6034489522686328
77,-18.308258612772875,-29.58330829896341,-28.84425478985479,-26.50570112392943,-49.21580860556982,-11.936789991843922,-14.842606884069397,-4.086424453544807,-25.31654450312698,-10.29532796515882,-16.879310050920893,1.8771475210487298,8.635162737870413,3.0188625318235474,-4.558337872522239,-0.7857651546631675,-7.539285802357313,4.9663496202199395,21.64069336379287,15.032154125280778,27.008111407397305,13.724185138401479,22.880246358910387,3.85,-6.357462905837766,-0.3708854685464431,6.368272185599645,-8.534844966392853,-1.8736264723212253,8.738080725087421,-2.3548848865920426,-1.409296571884015,2.744376004964271,-4.065054957923931,-2.317056139488737,4.679040602995916,-2.3218463819546207,-1.1601830510396598,2.595572255460336,-4.808850550562502,-1.1762062153019985,4.9506064960326155,-2.936470507105543,-3.969790992099351,4.937823362581313,-3.7315280416287004,-2.69885103549854,4.605225123408504,-3.2472667969462403,-0.46176303446843947,3.2799339552117504,-1.672044183021587,0.13772447880022026,1.677706703222324
78,-18.64156338155332,-29.733705303605838,-29.036306340550876,-26.67709347438736,-49.30283649294691,-12.26162380801196,-15.276731283396524,-4.205496011663563,-25.526169297019834,-10.412827338067434,-17.121828830836442,1.7667041166382524,8.433510330226717,2.8752365148238703,-4.583776237544403,-0.7772885579335748,-7.562903757478107,4.868300187694649,21.569933130196844,14.912152818082149,26.949681675702266,13.665441458011344,22.95528208460498,3.9000000000000004,-6.4946819704865755,-0.47853242180564365,6.512287399714678,-8.68523351412992,-1.9648385904354724,8.904710656805756,-2.3734506102769473,-1.4134285320007742,2.7624351602341504,-4.214604661347724,-2.415803404079921,4.857880045721394,-2.3415274645113646,-1.1660658771067351,2.6158097210641524,-4.837028851829252,-1.1774352194317736,4.978272974575315,-3.0275607894727514,-4.045801508469483,5.0531806003631825,-3.844197361178969,-2.890281638160845,4.809530257684744,-3.4483634145884463,-0.5140211841085275,3.4864635401484443,-1.747460149994954,0.17357376761696125,1.7560594604469217
79,-18.97148609330932,-29.889147339782227,-29.234070515905895,-26.85905356586314,-49.39380773873399,-12.593268718590577,-15.718443748300174,-4.325296342164094,-25.74382429567115,-10.531099265262373,-17.365422857153273,1.6489207371906898,8.227738562874638,2.7215949352369075,-4.611958857140187,-0.7669184509374954,-7.592058393246625,4.765593900765423,21.499010702092963,14.78681971615129,26.8910210216237,13.606572287123981,23.032566201819286,3.95,-6.630903858698325,-0.5892660347596276,6.657035409476328,-8.836994825660877,-2.057975678514731,9.073463585760141,-2.388026057912824,-1.4166724221575806,2.776621905296522,-4.375208756516828,-2.522439298724747,5.050262535636392,-2.3569785502373883,-1.1706843247764942,2.63170090902377,-4.858533779855139,-1.1799450293760199,4.999762070573223,-3.1284614201520404,-4.128188702637387,5.17969234819624,-3.9584498543579816,-3.0905928899068167,5.022060300375663,-3.6597182349455175,-0.5689062755811632,3.7036727595170125,-1.8263273181948918,0.21144397294608014,1.8385265912899296
80,-19.297391494252107,-30.05012492490819,-29.437626474601327,-27.05209430849254,-49.488894902992406,-12.931674864757937,-16.16781291697009,-4.445625931244001,-25.970062218668208,-10.649932246902075,-17.60975846120937,1.523115298702142,8.017528601924266,2.5574937606084505,-4.6430170784012255,-0.7545537878493433,-7.626904042647549,4.658134510933986,21.427970482979262,14.655760387985474,26.83219266408151,13.54751358544869,23.112102233136365,4.0,-6.7656461844340585,-0.7028079454996262,6.802051697922072,-8.98946173790936,-2.1528503774367014,9.243656586273946,-2.398697250825574,-1.4190473871339897,2.7870134531519524,-4.54624241943582,-2.636514352873194,5.2554284382135785,-2.3682908282965283,-1.1740656511874898,2.643337209039316,-4.8735087872989356,-1.1836971658913593,5.015199585302581,-3.2388495537782385,-4.216632194311606,5.316966568835523,-4.074120614736814,-3.2991862284964246,5.242431549741393,-3.8806368260153423,-0.626466093945514,3.9308780116266364,-1.9079302410227472,0.2508124697252787,1.9243452651691204
81,-19.618644330592954,-30.217128576399325,-29.647053375318546,-27.25672861241127,-49.58827054578347,-13.276792387692185,-16.62490742759591,-4.566285265100779,-26.2054357855982,-10.769114783145035,-17.854501974342682,1.3886057171686934,7.802561613485705,2.38248895848432,-4.677082248419204,-0.7400935228435076,-7.667595038665656,4.545825769702066,21.356856876353692,14.518580402082073,26.77325982199558,13.488201312694756,23.193895334205955,4.05,-6.896497017499329,-0.8177663444811829,6.944811941769428,-9.139298435494556,-2.248525891589905,9.411835345892076,-2.405894295644834,-1.4206491508279633,2.7940242253002325,-4.72458153012805,-2.7557812137743447,5.46955215104662,-2.375920244507544,-1.1763461420311008,2.65118600896509,-4.882671137454152,-1.1884992327614587,5.025237095182913,-3.35711096352544,-4.309530082033678,5.462805465086223,-4.190385110171886,-3.513068842728913,5.46817886186095,-4.10764702778664,-0.6869395644965234,4.164690873300813,-1.9886916854856902,0.28906613264252173,2.009590467971228
82,-19.93460934854305,-30.390648811671245,-29.86243037673902,-27.473469387755095,-49.69210722716852,-13.628571428571425,-17.089795918367354,-4.687074829931976,-26.450497716048453,-10.888435374149669,-18.099319727891153,1.2447099085864302,7.582518763669056,2.196136496410335,-4.714285714285719,-0.7234366100943632,-7.714285714285712,4.42857142857143,21.285714285714285,14.374885326938362,26.71428571428573,13.428571428571423,23.277952407744262,4.1000000000000005,-7.020562041660714,-0.9324710602513783,7.0822167192916075,-9.282501939959262,-2.3438780662402405,9.573850147915914,-2.4101333203262363,-1.4215925819172335,2.7981544079462224,-4.906477144621749,-2.8775430581272867,5.6880376248819005,-2.3804139338531343,-1.177689340137443,2.65580923229729,-4.88688154627301,-1.1941203545266594,5.0306594665509365,-3.4813085772026326,-4.404960084053649,5.6145509839888845,-4.306253902090704,-3.728649359163364,5.696195986170137,-4.33658224824604,-0.7506133975877644,4.401064197264216,-2.0643189719920962,0.3230692113237235,2.0894464657970633
83,-20.882689302001836,-30.57106315226171,-30.083778920294098,-27.702586493458977,-49.80032710089936,-13.986793293460218,-17.56231352039741,-4.807825219399243,-26.70558204120783,-11.007714436281791,-18.343928261623297,0.8590811068453942,7.357193351686514,1.9982018387163394,-4.754775547863044,-0.7046649225480999,-7.767032975824331,4.306340814736628,21.214580413886168,14.224438045744225,26.655324019873394,13.36857336052316,23.36421540316103,4.15,-7.134946940685034,-1.0452519213569327,7.2111038978433175,-9.415069272846484,-2.43778274665394,9.725549554260759,-2.411930452825519,-1.4219925490791103,2.7999055910697455,-5.088180318944845,-2.99910306263093,5.9062846306607915,-2.3823190313156437,-1.1782587883361995,2.657769316411828,-4.88700072970786,-1.2003296557271892,5.032252717678565,-3.6095053226188294,-4.500999918621639,5.769534551542756,-4.420737551920933,-3.942336404358926,5.923253905422048,-4.563275895380064,-0.8177743035730813,4.635972574222281,-2.130519420950494,0.34968595539438324,2.159026000410211
84,-21.81197580828721,-30.758297136197314,-30.31088957841495,-27.943377583654755,-49.91185069548981,-14.350563947968688,-18.041361336492493,-4.928487457020499,-26.970148038671798,-11.126900050736461,-18.588244949029846,0.4810964858378833,7.126827209158625,1.7892884368684276,-4.7987667200960225,-0.6845920082382849,-7.825504022925727,4.1793655581634725,21.143466161003083,14.067630700459757,26.59639025768642,13.308210406934968,23.452359820482013,4.2,-7.236757398338779,-1.1544387563449405,7.328259444408495,-9.53299745569893,-2.529115778097165,9.862781915331105,-2.411801821098097,-1.4219639209914121,2.799780244385864,-5.2659421091254,-3.1177644039843804,6.119689630644037,-2.382182671877713,-1.1782180294575522,2.657629019847066,-4.883889403710864,-1.2068962609034657,5.030802549520506,-3.7397641275829114,-4.595727303987565,5.925077652028941,-4.532846621089899,-4.15053860487474,6.146028734140581,-4.783561377175222,-0.8887089928064167,4.865415000089664,-2.1830003527692927,0.36578061448033183,2.213433079657134
85,-22.722468867399154,-30.952163305626758,-30.54349520628262,-28.19489726127347,-50.02534813314414,-14.718820522593207,-18.525606962382263,-5.049042673777745,-27.243436297637444,-11.24597221491603,-18.832237372031994,0.11075604556392137,6.891774300807941,1.5702092391166942,-4.84649092670012,-0.6642143339702716,-7.889268628566089,4.047942864510565,21.072375726525813,13.905012747737599,26.53749040665416,13.247499333927014,23.541993421295967,4.25,-7.323099098388589,-1.2583613937621339,7.430427565230062,-9.632283510059672,-2.616753005835883,9.981396791617824,-2.410263553099728,-1.4216215663314589,2.798281307027518,-5.436013571191653,-3.2308302588867326,6.323646709606566,-2.3805519905219352,-1.1777306063314168,2.6559512722690743,-4.878408284234228,-1.2135892945957982,5.027093232042018,-3.8701479199038187,-4.687219958401523,6.0784928938326015,-4.641591671025401,-4.349664587269956,6.361128458244078,-4.993272101618174,-0.9637041756414113,5.085419551909858,-2.217469087856976,0.3682174382073603,2.2478330092338354
86,-23.614168479337717,-31.152474202698816,-30.78132865907822,-28.45620012924616,-50.13948953606666,-15.090500147830337,-19.01371799379644,-5.169472000653025,-27.524687407301844,-11.364910926222848,-19.075873112551022,-0.2519402139765543,6.652388591357066,1.341777193711285,-4.898179863390765,-0.6445283665494614,-7.957896565721551,3.912369939436545,21.001313309915275,13.737133644230466,26.47863044570603,13.186456907619466,23.632723113501303,4.3,-7.391077724601253,-1.3553496621553163,7.514319838668126,-9.708924457471559,-2.6995702751361703,10.077246339714446,-2.4078317767862063,-1.421080353777,2.795911879368229,-5.594645761171613,-3.3356038040369462,6.513548489917093,-2.3779741222309343,-1.1769600617876526,2.653299062119304,-4.8714180872304365,-1.2201778813443815,5.021906833337105,-3.9987196273905905,-4.773555600113436,6.227085331505672,-4.745983263154903,-4.536122978103664,6.565117577517292,-5.188241476695547,-1.0430465624318086,5.292050240871188,-2.2296329466220772,0.35386067620110634,2.2575385832415247
87,-24.48707464410286,-31.35904236956221,-31.024122791982794,-28.72634079050387,-50.25294502646166,-15.464539954176514,-19.50436202646472,-5.289756568628336,-27.8131419568621,-11.483696182059276,-19.319119752508175,-0.6069922927834907,6.409024045528615,1.104805248902289,-4.954065225883472,-0.626530572781227,-8.03095760736828,3.772943988599977,20.930283110632267,13.564542846590939,26.419816353771367,13.125099894132477,23.7241552729211,4.3500000000000005,-7.438281346782137,-1.444011751980299,7.577149815975945,-9.7595844825536,-2.776630790386615,10.146879708473142,-2.4049365987868674,-1.4204360072259157,2.793091207749659,-5.7387145590886135,-3.42983768668423,6.6855539297574325,-2.3749050128233784,-1.1760426815177802,2.6501415450283297,-4.863636075992826,-1.2264696249329594,5.015893102985957,-4.12386502321733,-4.853132327665091,6.368607078438994,-4.845196865334737,-4.7069209661751845,6.7550749548520255,-5.364997342395975,-1.1269750784726855,5.482086218896452,-2.215914696071623,0.32009720314961715,2.2389149514285713
88,-25.341187361694573,-31.571680348365664,-31.27161046017744,-29.004373847977632,-50.364384726533416,-15.839877072128195,-19.9962066561168,-5.409877508685685,-28.108040535515283,-11.602307979827714,-19.561944873824665,-0.954400190856907,6.162034628045169,0.8601063529398332,-5.014378709893698,-0.6112174194709313,-8.108021526482403,3.629962217659506,20.85928932813768,13.387789811471714,26.361054109779584,13.063445059586225,23.815896024604292,4.4,-7.4642275788923245,-1.5240693013283328,7.618233429394784,-9.783596422229651,-2.8477471924647335,10.189623301440324,-2.401664040427759,-1.4197076714579702,2.7899032304867495,-5.867595140947358,-3.513082436278393,6.8388903297360155,-2.371435851462978,-1.1750057226603277,2.646572584662748,-4.855205703180104,-1.23242604611824,5.009181208475418,-4.245261262018772,-4.925629760764866,6.502620373582466,-4.93906757113607,-4.8614599892442705,6.930236770794405,-5.522845266717296,-1.215537508822829,5.6550288483310895,-2.175598889606933,0.26640439399064814,2.1918489522766946
89,-26.17650663211289,-31.79020068125795,-31.523524518843235,-29.289353904598535,-50.47247875848625,-16.21544863218186,-20.487919478482397,-5.529815951807148,-28.408623732458516,-11.720726316930495,-19.804316058421804,-1.2941639081968175,5.911774303629355,0.6084934540740542,-5.0793520111368515,-0.5995853734239761,-8.188658096040072,3.483721832273771,20.788336161892335,13.207423995525431,26.30234969266005,13.00150917010089,23.907551483837338,4.45,-7.468916420932065,-1.5955223101992972,7.637434382383416,-9.780960276499709,-2.9129194813705763,10.205502625320003,-2.398014101709139,-1.4188953464728349,2.7863480823899507,-5.98128750674787,-3.585338052819427,6.973553555496161,-2.367566638149823,-1.173849185215129,2.642592230312932,-4.846126968792382,-1.2380471449001598,5.001770419626663,-4.362908343795079,-4.991047899412617,6.629142354074758,-5.027595380559031,-4.99974004731102,7.090424236341864,-5.661785249659479,-1.3087338534822202,5.81107533185658,-2.1086855272281437,0.1927822487240895,2.117479550825592
90,-26.993032455357774,-32.014415910387775,-31.779597823161254,-29.580335563297567,-50.57589724452443,-16.590191764833964,-20.978168089291167,-5.649553028974646,-28.714132136888843,-11.838931190769973,-20.046200888220785,-1.6262834448032035,5.658597037003734,0.3507795005550264,-5.149216825328484,-0.5926309014457339,-8.272437089017435,3.3345200381013136,20.717427811357098,13.023994855404746,26.24370908134217,12.939308991796624,23.998727959453163,4.5,-7.452347872901105,-1.658370778593292,7.634637022021789,-9.751676045363762,-2.9721476571041876,10.194549886549742,-2.3939867826306394,-1.4179990322709028,2.78242591472467,-6.079791656490162,-3.6466045363075037,7.089540974600954,-2.36329737288385,-1.1725730691823633,2.6382005373457593,-4.836399872829634,-1.2433329212787294,4.993660028780694,-4.47680626854606,-5.049386743608407,6.748192413722479,-5.110780293603496,-5.121761140375419,7.2355036029668005,-5.781817291222568,-1.4065641124510573,5.9504482008934,-2.015174608935184,0.09923076734998101,2.0176162790991596
91,-27.790764831429257,-32.24413857790388,-32.03956322831257,-29.876373427005806,-50.67331030685224,-16.963043600581,-21.465620084272867,-5.769069871170214,-29.02380633800337,-11.956902598748503,-20.28756694514288,-1.9507588006760548,5.4028567928909235,0.08777744063293483,-5.224204848184012,-0.5913504703415581,-8.358928278390643,3.182654040800817,20.646568475992794,12.838051847762321,26.185138254755305,12.876861290793585,24.08903212371028,4.55,-7.414521934799522,-1.7126147065102377,7.609742745624085,-9.695743728821881,-3.025431719665523,10.156804790156555,-2.3895820831924723,-1.4170187288518288,2.778136895516729,-6.163107590174169,-3.696881886742428,7.186851247423082,-2.358628055665165,-1.171177374561827,2.6333975673369885,-4.826024415291755,-1.2482833752540512,4.984849349973154,-4.586955036271896,-5.100646293352286,6.859792206376847,-5.188622310269554,-5.2275232684375075,7.365378537501146,-5.8829413914065505,-1.5090282857290696,6.073398207087598,-1.8950661347280544,-0.014250050131703405,1.8951197109739228
92,-28.569703760327315,-32.47918122595504,-32.303153589478285,-30.176522098654292,-50.76338806767399,-17.332941269919434,-21.948943059157166,-5.888347609375945,-29.336886924999202,-12.07462053826847,-20.52838181110933,-2.2675899758154054,5.144907536013522,-0.17969977744216578,-5.304547775418898,-0.5967405469168403,-8.447701437135844,3.028421046030862,20.57576235526032,12.650144429250798,26.126643191828865,12.814182833211957,24.178071154,4.6000000000000005,-7.355438606627396,-1.7582540939500715,7.562667158797678,-9.613163326873957,-3.07277166905458,10.092315635140373,-2.384800003394657,-1.4159544362158691,2.773481209893183,-6.231235307800017,-3.736170104124189,7.265484189517236,-2.353558686493695,-1.169662101353667,2.628183388219514,-4.8150005961789475,-1.2528985068259058,4.975337718146398,-4.693354646972477,-5.144826548644156,6.963965684715275,-5.261121430557181,-5.317026431497151,7.4799845441222255,-5.965157550211511,-1.6161263733163915,6.180207848719506,-1.748360104606764,-0.147660203720952,1.7545844497041139
93,-29.329849242051967,-32.71935639668994,-32.570101761839446,-30.47983618117406,-50.84480064919398,-17.698821903345728,-22.426804609673763,-6.00736737457375,-29.652614487073404,-12.192065006732197,-20.768613068041397,-2.576776970221212,4.885103231094121,-0.4508392054201144,-5.390477302748636,-0.609797597976968,-8.538326338229204,2.872118259450078,20.50501364862046,12.460822056522838,26.068229871492203,12.75129038517191,24.265452852100957,4.65,-7.275097888384597,-1.7952889409129236,7.493337818818945,-9.50393483951997,-3.114167505271392,10.00114076916877,-2.3796405432369347,-1.4148061543628416,2.7684590604594366,-6.284174809367501,-3.7644691884529475,7.325440690190636,-2.348089265369329,-1.1680272495578017,2.622558074447969,-4.803328415491028,-1.257178315994541,4.965124488396079,-4.796005100647777,-5.181927509484143,7.060739170865046,-5.328277654466385,-5.390270629554483,7.5792849413993855,-6.028465767637204,-1.727858375213211,6.271195585880579,-1.5750565185712757,-0.30099969341770527,1.6035597438609575
94,-30.071201276603208,-32.96447663225737,-32.840140600577136,-30.78537027749616,-50.91621817361648,-18.059622631356344,-22.897872331552374,-6.126110297745701,-29.970229613423058,-12.309216001542083,-21.00822829786029,-2.8783197838935126,4.623797842855317,-0.724827895050837,-5.482225125888646,-0.6315180903273233,-8.630372754646862,2.714042886717045,20.434326555534128,12.27063418623109,26.009904272674728,12.68820071279356,24.350785746797538,4.7,-7.17349978007124,-1.8237192473987431,7.401692440787767,-9.368058266760121,-3.149619228315898,9.883350493268459,-2.3741037027196463,-1.413573883292906,2.7630706677164305,-6.321926094876845,-3.78177913972855,7.366722677742851,-2.3422197922923016,-1.1662728191742573,2.616521707181208,-4.791007873228031,-1.2611228027597707,4.954209035252109,-4.894906397297937,-5.211949175872108,7.150141456655401,-5.390090981997185,-5.447255862609383,7.663268051356397,-6.072866043683892,-1.8442242914190663,6.346720824298877,-1.3751553766216547,-0.47426851922198265,1.4546418590761292
95,-30.793759863981034,-33.21435447480603,-33.11300296087245,-31.09217899055166,-50.97631076314578,-18.41428058444778,-23.360813820522683,-6.244557509873815,-30.288972893245287,-12.426053520100506,-21.247195082487295,-3.1722184168322984,4.361345336019716,-1.0008528980841678,-5.580022940554435,-0.6628984907732645,-8.723410459364928,2.554492133490404,20.363705275462127,12.08013027502825,25.9516723743058,12.624930582197159,24.433679185551192,4.75,-7.050644281687274,-1.843545013407561,7.2876774766278825,-9.205533608594157,-3.1791268381881785,9.739029544684877,-2.368189481842632,-1.4122576230058346,2.7573162705152567,-6.344489164327943,-3.7880999579510886,7.389333126047554,-2.3359502672624455,-1.1643988102031124,2.6100743744816763,-4.778038969390043,-1.2647319671216986,4.942590751991246,-4.990058536922891,-5.234891547808204,7.232203932359126,-5.446561413149506,-5.4879821306619885,7.731945362822635,-6.098358378351513,-1.9652241219343178,6.407189770893524,-1.1486566787578791,-0.6674666811339469,1.3285043982159215
96,-31.49752500418544,-33.468802466484675,-33.38842169790647,-31.39931692327156,-51.023748539986194,-18.761732893116474,-23.81429667231439,-6.362690141940076,-30.608084915737145,-12.542557559809762,-21.485481003843667,-3.4584728690375544,4.098099675309902,-1.278101266270018,-5.684102442461477,-0.7049352661201734,-8.817009225359596,2.393763205428782,20.29315400786534,11.889859779566898,25.89354015531482,12.5614967595028,24.513743420674103,4.800000000000001,-6.9065313932326955,-1.8547662389393205,7.151247002224008,-9.01636086502225,-3.202690334888199,9.568280338153302,-2.3618978806057913,-1.4108573735019156,2.7511961265556577,-6.351864017720789,-3.7834316431205024,7.393276100470048,-2.329280690279857,-1.162405222644248,2.6032161715349784,-4.76442170397697,-1.2680058090802668,4.930269049979739,-5.08146151952253,-5.250754625292288,7.306960743661935,-5.497688947923391,-5.512449433712242,7.785350507674874,-6.104942771639936,-2.0908578667589235,6.453062285766842,-0.8955604249799324,-0.8805941791533918,1.2559755503786978
97,-32.182496697216436,-33.727633149442056,-33.66612966686027,-31.705838678586932,-51.05720162634201,-19.100916687858902,-24.256988482657214,-6.480489324926523,-30.926806270095742,-12.65870811807228,-21.723053643850598,-3.7370831405093,3.834414825448493,-1.5557600513582608,-5.794695327325158,-0.7586248831734281,-8.910738825606996,2.2321533081907474,20.22267695220458,11.700372156499752,25.83551359463118,12.497916010830703,24.590589695193852,4.8500000000000005,-6.74116111470753,-1.8573829239940072,6.9923618685526705,-8.800540036044392,-3.220309718415942,9.371227219982684,-2.35522889900937,-1.409373134780888,2.744710512926818,-6.344050655055373,-3.767774195236858,7.378556844004203,-2.322211061344484,-1.1602920564977595,2.595947200888815,-4.750156076988863,-1.27094432863554,4.917243358045752,-5.1691153450970315,-5.25953840832445,7.374448977351304,-5.543473586318873,-5.52065777176009,7.823538945714408,-6.092619223549316,-2.2211255258927665,6.484859875505028,-0.615866615287826,-1.1136510132803992,1.272599806383194
98,-32.84867494307402,-33.9906590658269,-33.9458597229149,-32.01079885942884,-51.075340144417495,-19.43076909917155,-24.687556847280828,-6.597936189815137,-31.244377545518155,-12.77448519229036,-21.9598805844294,-4.008049231247506,3.570644751158049,-1.8330163050987638,-5.912033290861024,-0.8249638087384396,-9.00416903308329,2.0699596474349526,20.15227830794075,11.512216862479438,25.777598671184215,12.43420510230099,24.663830333385,4.9,-6.554533446111728,-1.851395068571627,6.810989090883102,-8.558071121660452,-3.2319849887714214,9.148022097209997,-2.348182537053151,-1.4078049068429448,2.737859726693909,-6.321049076331786,-3.741127614300044,7.3451819073371665,-2.314741380456387,-1.1580593117635865,2.588267572713357,-4.735242088425746,-1.273547525787401,4.903513121878826,-5.253020013646234,-5.261242896904571,7.434708876882583,-5.583915328335912,-5.512607144805518,7.846588298552792,-6.061387734079652,-2.3560270993359578,6.503174990391744,-0.3095752496815461,-1.366637183514881,1.401261583923886
99,-33.49605974175819,-34.25769275778792,-34.22734472125147,-32.31325206872827,-51.07683421641697,-19.750227257550875,-25.10466936191495,-6.715011867587971,-31.560039331201477,-12.889868779866418,-22.195929407501268,-4.271371141252211,3.3071434171612233,-2.1090570792414485,-6.036348028784521,-0.9049485096205271,-9.096869620764606,1.9074794288199934,20.08196227453465,11.325943354158623,25.71980136390338,12.370380800033864,24.73307884083718,4.95,-6.3466483874453115,-1.836802672672305,6.607101468283827,-8.288954121870574,-3.237716145954614,8.898851963947394,-2.3407587947371704,-1.4061526896880014,2.730644085532974,-6.282859281549915,-3.7034919003102718,7.293159329633606,-2.3068716476153854,-1.1557069884416733,2.5801774050837367,-4.7196797382875415,-1.275815400536014,4.88907780345607,-5.333175525170284,-5.255868091032854,7.487784089609733,-5.619014173974557,-5.488297552848666,7.854599309699486,-6.011248303230761,-2.49556258708842,6.50868180119217,0.023313671838850053,-1.6395526898569859,1.6397184362297959
100,-34.12465109326895,-34.5285467674739,-34.51031751705105,-32.61225290941632,-51.06035396454472,-20.05822829349336,-25.506993622289297,-6.831697489227029,-31.873032216342782,-13.004838878202765,-22.431167694987497,-4.527048870523377,3.044264788180565,-2.383069425536144,-6.167871236811103,-0.999575452625107,-9.188410361627106,1.745009858004499,20.01173305144715,11.14210108818994,25.662127651717988,12.306459870149471,24.7979500189759,5.0,-6.118320044095362,-1.8138600244701482,6.381530251463979,-7.994218495144592,-3.2375715100259583,8.624928905831261,-2.332957672061559,-1.4044164833160384,2.7230639284160545,-6.22985388881264,-3.65521032545977,7.2229939775207965,-2.2986018628217124,-1.153235086532203,2.5716768242872945,-4.703469026574238,-1.2777479528812017,4.873936880493562,-5.409703402428205,-5.2432924723340735,7.5337246334518,-5.648958728780486,-5.447895235384884,7.847948599168738,-5.942781168908905,-2.6392366298232663,6.502477836159009,0.3814090984031228,-1.9313364696613533,1.968637462660066
101,-34.73444899760629,-34.80303363703356,-34.79451096549471,-32.90685598442404,-51.02456951100502,-20.353709337495452,-25.893197224133537,-6.947974185714305,-32.182596790139186,-13.11937548470182,-22.665563028809302,-4.775082419061032,2.782362828938714,-2.654240395732771,-6.3068346106562325,-1.1098411045575327,-9.278361028646932,1.5828481406470458,19.941594838139096,10.961239521226073,25.604583513557472,12.242459078767968,24.8580600991979,5.050000000000001,-5.873618942997016,-1.7838385648363613,6.138524212946531,-7.679011533831781,-3.231892681287271,8.33140735050686,-2.324779169026187,-1.402596287727088,2.7151196163491393,-6.163895988634023,-3.597999250711239,7.13717117398884,-2.289932026075174,-1.1506436060349765,2.5627659651544317,-4.6866099532859655,-1.2793451828231601,4.858089845922151,-5.483211259215775,-5.222908448932827,7.572607105820594,-5.67469202048281,-5.392231389891594,7.828045023469366,-5.858887520644381,-2.7845724309063566,6.486941236247342,0.757755775659572,-2.2366832097015443,2.3615557575687776
102,-35.32545345477021,-35.08096590861563,-35.07965792176355,-33.19611589668243,-50.968150978002186,-20.635607520053643,-26.26194776317739,-7.063823088031826,-32.48797364178776,-13.233458596765892,-22.899082990887937,-5.015471786865174,2.521791504158214,-2.9217570415812038,-6.453469846035383,-1.2367419322232103,-9.366291394800236,1.4212914824062872,19.871551834071326,10.783908109919652,25.547174928351215,12.178395192009553,24.913026902276805,5.1000000000000005,-5.617429716472369,-1.7482640228163118,5.883191626403199,-7.349509988751346,-3.221089580100905,8.024382540594038,-2.316223285631097,-1.4006921029211954,2.7068115331669316,-6.087221289631033,-3.5339183092195805,7.038667604396068,-2.280862137375933,-1.1479325469500583,2.553444971418487,-4.669102518422591,-1.2806070903617455,4.841536207385519,-5.554428232087772,-5.193986910578589,7.6045494943931695,-5.697345682356401,-5.322303453341711,7.796580139632903,-5.763048785873534,-2.9285978343761223,6.464473418915954,1.1440073983861532,-2.549226534105782,2.794156196376865
103,-35.89766446476074,-35.362198657334545,-35.36555725297964,-33.479290332389674,-50.8902553555451,-20.903144908549848,-26.612273145614996,-7.179225327161621,-32.788533776821566,-13.34706821179736,-23.13169516314465,-5.248216973935779,2.2629473099929776,-3.1848645986547255,-6.607835262899619,-1.3809030305016468,-9.451860233924148,1.2606131769196975,19.801608238704727,10.61053616565598,25.48990787502855,12.11428497599438,24.962613752416,5.15,-5.354636996843823,-1.7086621274553722,5.6206461936123455,-7.011890610722458,-3.2055721268291797,7.709883436021709,-2.307290021876358,-1.3987039288982754,2.6981400863864864,-6.00206550042054,-3.4650271341396985,6.930454769469521,-2.271392196723978,-1.1451019092775567,2.5437139961028805,-4.650946721984177,-1.2815336754969948,4.82427548676153,-5.62408345759921,-5.155798747020875,7.629716604030788,-5.718051347675961,-5.239108862707825,7.75528032310648,-5.658746392033021,-3.0683406842714436,6.437089814823317,1.5318176613609598,-2.8626000670024156,3.24668207425051
104,-36.45108202757783,-35.646757090167576,-35.65227187402925,-33.756449310812464,-50.79198710486116,-21.156683317907856,-26.944642519498334,-7.294162034085688,-33.08416986611765,-13.46018432719859,-23.363367127500684,-5.473317980272889,2.006396868322005,-3.443041037820317,-6.769295678142382,-1.541464006568968,-9.535082323299722,1.1009908697402038,19.7317682515001,10.441072418750819,25.43278833251894,12.050145196842598,25.00716037502213,5.2,-5.090125416433409,-1.6665586077990087,5.356005446995956,-6.672330150564238,-3.185750241834297,7.393848405362114,-2.297979377761818,-1.3966317656583758,2.6891057081239156,-5.910664329619543,-3.3933853586267855,6.815498295031661,-2.261522204119175,-1.1421516930173155,2.5335732019395794,-4.632142563970724,-1.2821249382289202,4.806307219703895,-5.6929060723047815,-5.107614848009158,7.648327201662352,-5.737940649716355,-5.143645054963098,7.705909897676827,-5.549461766559065,-3.2008288246310563,6.406389861933934,1.9128402593620037,-3.1704374325196154,3.702786973531919
105,-36.98570614322153,-35.934708947057615,-35.93993071173964,-34.02786593448457,-50.67493755498234,-21.396869499936876,-27.259885343343797,-7.40861433978602,-33.374904996889015,-13.572786940371936,-23.594066465877304,-5.690774805876446,1.7527493324555448,-3.695822513768361,-6.937042532892666,-1.717193095675462,-9.616061441068998,0.9425782943996369,19.662036071918333,10.275345454252585,25.375822279751695,11.985992620674379,25.047150744620836,5.25,-4.828779607563481,-1.6234791928925842,5.094388794367395,-6.337005359096047,-3.1620338454785406,7.082096791287438,-2.2882913532876157,-1.3944756132014762,2.6797088560783053,-5.815253485844865,-3.321052615835593,6.696757691732566,-2.251252159561527,-1.1390818981693442,2.5230227618211285,-4.612690044382234,-1.282380878557491,4.787630955204553,-5.7616252127594745,-5.048706103293029,7.660663052878252,-5.758145221752445,-5.036909467080232,7.650274071845595,-5.438676336888138,-3.323090099493771,6.373549098169755,2.278728887167198,-3.4663722547857807,4.148293860125981
106,-37.501536811691786,-36.22612196794765,-36.22866269293806,-34.29381330593983,-50.54069803494063,-21.624350206446216,-27.558831075667815,-7.522563375244697,-33.66076225634867,-13.684856048719812,-23.823760760195732,-5.900587450746506,1.5026138557039141,-3.9427451811891903,-7.110267268279528,-1.9068585330713743,-9.694901365373987,0.7855291844297787,19.592415899420253,10.113183857209727,25.319015695656233,11.921844013609915,25.083068765393385,5.300000000000001,-4.57548420255617,-1.5809496117814057,4.8409149303445576,-6.012092987136927,-3.1348328581242724,6.780297864722214,-2.2782259484537093,-1.392235471527529,2.6699500145859068,-5.718068677713499,-3.2500885389212373,6.5771867020691595,-2.2405820630511664,-1.1358925247338203,2.5120628592877194,-4.592589163218733,-1.2823014964827313,4.768246255175586,-5.830970015518007,-4.978343402621778,7.667079910650329,-5.779796697058955,-4.919899536032072,7.590221426544959,-5.329871530456778,-3.4321523528983766,6.339337528849488,2.621137239554679,-3.7440381579289834,4.570359083989854
107,-37.99857403298866,-36.521063892780575,-36.51859674445178,-34.554564527711996,-50.390859873768015,-21.839772189245057,-27.842309174986784,-7.635990271443666,-33.941764731709625,-13.796371649644477,-24.052417592377253,-6.102755914883046,1.2565995913773567,-4.183345194773231,-7.288161325431974,-2.109228554006974,-9.77170587435676,0.6299972733624932,19.522911933466716,9.954416212670562,25.262374559161927,11.857716141769348,25.115397817173847,5.3500000000000005,-4.334309728346571,-1.5402413053367237,4.599846095241133,-5.702740327036218,-3.1044888800733674,6.4930038074919025,-2.2677831632600105,-1.3899113406366592,2.6598296957504584,-5.620972995739579,-3.1822094888461985,6.459241027375922,-2.229511914588012,-1.1325835727105635,2.5006936890518454,-4.571839920480081,-1.2818867920047048,4.7481526940497005,-5.9015480943762775,-4.8959191541201035,7.668004582283215,-5.8038381033649795,-4.793446459295945,7.527394349189368,-5.2259485367953005,-3.525538788210395,6.30396397962496,2.9331100621726827,-3.998129828722902,4.958646666595882
108,-38.4768178071121,-36.81960246149937,-36.80986179310806,-34.81039270233489,-50.2270144004965,-22.04378220014267,-28.11114909981715,-7.748876159364969,-34.21793551018489,-13.907313740548354,-24.280004544343083,-6.297280198286047,1.0153156927861557,-4.417158709210851,-7.4699161454790515,-2.323071393732555,-9.846578746159336,0.47613629472955776,19.45352837351858,9.798871105683617,25.205904849198202,11.793625771272847,25.144620349754252,5.4,-4.106070290321837,-1.5016085617327466,4.37202944886385,-5.409976837263743,-3.071070231386165,6.220877891892469,-2.2569629977066024,-1.3875032205287323,2.6493484406537346,-5.524339058025824,-3.1177587378029012,6.343401419993534,-2.218041714172098,-1.1291550420997032,2.488915457565138,-4.550442316166481,-1.2811367651232053,4.72734985839941,-5.97348097209321,-4.80131183941293,7.663880890465771,-5.830458046216266,-4.657716476367362,7.462477055436216,-5.127487593809701,-3.6027540461028975,6.266655068007429,3.213256304150924,-4.2275862045222095,5.310131937422286
109,-38.93626813406214,-37.12180541404693,-37.10258676573418,-35.0615709323423,-50.05075294415805,-22.2370269909483,-28.36618030867531,-7.861202169990623,-34.489297678987484,-14.0176623188338,-24.506489198014492,-6.484160300955548,0.7793713132405933,-4.6437218791924275,-7.654723169549814,-2.547155287498353,-9.919623758923727,0.3240999820627931,19.38426941903669,9.64637712129722,25.149612544694378,11.729589668240598,25.171217516625145,5.45,-3.8907658884819627,-1.4650513809694412,4.1574553212097545,-5.133802517819655,-3.0345769120626946,5.963605061302718,-2.245765451793578,-1.3850111112039063,2.6385068206521454,-5.428166864572343,-3.0567362857913647,6.229657472968697,-2.2061714618034163,-1.1256069329010625,2.476728383628443,-4.52839635027777,-1.2800514158384888,4.705837346572781,-6.04676864866904,-4.694521458500251,7.6551905799167494,-5.85965652561288,-4.512709587246344,7.39595311078854,-5.034488701500107,-3.6637981265761326,6.226515333461808,3.4615759654894216,-4.432407285326875,5.623943679294164
110,-39.37692501383875,-37.42774049036624,-37.39690058915738,-35.30837232026803,-49.86366683378466,-22.420153313471147,-28.60823226007767,-7.972949434302624,-34.75587432533042,-14.127397381903164,-24.731839135312676,-6.663396222891503,0.5493756060509427,-4.862570859408304,-7.841773838773256,-2.780248470554661,-9.990944690792,0.1740420688940199,19.315139269481897,9.496762844559811,25.093503624579853,11.665624598792734,25.19566884217729,5.5,-3.688396522826862,-1.430569763046859,3.9561090425499184,-4.874217368703835,-2.9950089221029015,5.7208455145065855,-2.234190525520707,-1.38243501266202,2.6273054387642736,-5.332456415379013,-2.999142132811768,6.118001712546631,-2.193901157481825,-1.1219392451147934,2.464132699050285,-4.505702022814073,-1.278630744150397,4.683614768346925,-6.121411124103605,-4.575548011382026,7.642467779111756,-5.891433541554763,-4.358425791932953,7.328360291248165,-4.946951859866395,-3.7086710296298673,6.18276422887461,3.678069046188173,-4.612593071137006,5.899509026048583
111,-39.79878844644196,-37.7374754304002,-37.69293219020495,-35.55106996864586,-49.66734739840833,-22.5938079195205,-28.838134412540647,-8.084099083283,-35.01768853642669,-14.236498927158825,-24.956021938158955,-6.834987964093954,0.3259377245274769,-5.073241804548896,-8.030259594278398,-3.0211191781517437,-10.060645319906184,0.026116288755044365,19.246142124315043,9.349856860519802,25.037584067784042,11.601747329049475,25.218451918766867,5.550000000000001,-3.498962193356632,-1.3981637079649152,3.767970035020084,-4.631221389916316,-2.9523662615069206,5.492237986877733,-2.2222382188881538,-1.3797749249031162,2.6157449311579666,-5.237207710445948,-2.944976278863784,6.0084299018483085,-2.1812308012076413,-1.1181519787408394,2.451128649357064,-4.482359333775264,-1.2768747500589694,4.66068174459707,-6.197408398396977,-4.4443914980582875,7.626302291709539,-5.925789094041965,-4.194865090427041,7.26029403770606,-4.864877068908662,-3.7373727552642677,6.134735854736124,3.8627355462471242,-4.768143561952544,6.136441878452901
112,-40.20185843187175,-38.05107797409178,-37.99081049570415,-35.789936980009614,-49.46338596706104,-22.758637560905566,-29.05671622458068,-8.194632247913773,-35.27476339948934,-14.344946952003133,-25.179005188474527,-6.998935524562889,0.10966682198045447,-5.275270869304584,-8.219371877194314,-3.2685356455398704,-10.128829424408304,-0.11952362482230797,19.177282182996965,9.205487754225606,24.981859853236323,11.537974625130907,25.24004213206089,5.6000000000000005,-3.322462900071133,-1.3678332157236854,3.593010914036594,-4.404814581457019,-2.906648930274649,5.277404617885874,-2.209908531895895,-1.3770308479272702,2.603825968740915,-5.142420749773082,-2.8942387239477165,5.900941362095988,-2.168160392980573,-1.1142451337793458,2.4377164945580985,-4.458368283161426,-1.2747834335642199,4.637037906982165,-6.274760471549028,-4.3010519185290335,7.607342938319296,-5.962723183074422,-4.022027482728671,7.192410780106896,-4.788264328626817,-3.749903303479237,6.081878826994544,4.0155754656663625,-4.899058757773466,6.334478907738072
113,-40.58613497012813,-38.36861586138391,-38.290664432482224,-36.025246456893065,-49.25337386877477,-22.915288989435616,-29.264807154714156,-8.304530059176944,-35.52712200173132,-14.45272145383845,-25.400756468180656,-7.1552389042983044,-0.09882794827979352,-5.4681942083657225,-8.40830212864998,-3.5212661079693253,-10.195600782440387,-0.2627239383062357,19.108563644988546,9.063484110725609,24.926336959866056,11.474323253157277,25.260912414838838,5.65,-3.1588986429704597,-1.3395782863233086,3.431196674886111,-4.194996943326018,-2.8578569284060675,5.075957602044485,-2.19720146454394,-1.3742027817344271,2.59154925886441,-5.048095533360404,-2.84692946806336,5.7955393114067295,-2.1546899328008067,-1.1102187102300154,2.4238965099727223,-4.433728870972497,-1.2723567946661143,4.612682897645153,-6.353467343559964,-4.145529272794213,7.586300826969401,-6.002235808652158,-3.8399129688378504,7.125430956153834,-4.717113639020954,-3.746262674274642,6.023756727167931,4.136588804445797,-5.005338658599805,6.4934414623017895
114,-40.9516180612111,-38.690156832219515,-38.59262292736646,-36.257271501830026,-49.03890243258152,-23.064408956919877,-29.463236661457493,-8.41377364805452,-35.774787430365706,-14.559802430067151,-25.621243359198594,-7.30389810330017,-0.2989374329430425,-5.651547976422695,-8.596241789774467,-3.7780788006903627,-10.26106317214448,-0.40333091816492783,19.039990709750626,8.923674515068239,24.871021366602633,11.41080997924871,25.28153303100057,5.7,-3.0082694220546555,-1.3133989197634404,3.282484065171501,-4.00176847552334,-2.8059902559012304,4.88750777471556,-2.1841170168322286,-1.3712907263245941,2.578915547147666,-4.954232061207997,-2.8030485112108248,5.69223122092756,-2.1408194206682314,-1.106072708093036,2.409668987122199,-4.40844109720862,-1.2695948333646996,4.587616368928888,-6.433529014429616,-3.9778235608539125,7.563952396782531,-6.044326970775203,-3.6485215487546707,7.060141501511689,-4.651425000090992,-3.7264508676507617,5.960049546814741,4.225775562585489,-5.086983264431545,6.613212369034532
115,-41.29830770512065,-39.01576862654153,-38.89681490718411,-36.48628521735427,-48.821562987513275,-23.206644215167564,-29.652834203327107,-8.522344145528532,-36.017782772605464,-14.666169878091553,-25.84043344344958,-7.444913121568545,-0.4900524786990047,-5.824868328165884,-8.782382301696783,-4.037741958953267,-10.325320371662626,-0.5411908308665684,18.971567576744036,8.785887552301917,24.81591905237543,11.34745156952537,25.302371392958598,5.75,-2.870575237323673,-1.2892951160443353,3.1468212674684333,-3.8251291780490186,-2.7510489127600697,4.7116752168586835,-2.170655188760855,-1.3682946816977615,2.565925619431865,-4.8608303333158025,-2.7625958533900707,5.591029187765972,-2.126548856582893,-1.1018071273683878,2.395034234693481,-4.382504961869655,-1.2664975496599709,4.561837983105807,-6.514945484158105,-3.797934782708066,7.541142040517196,-6.088996669443538,-3.4478532224789946,6.997397536531227,-4.591198411837014,-3.6904678836074454,5.890556515032577,4.283135740085417,-5.143992575268668,6.69372178854307
116,-41.62620390185678,-39.34551898429292,-39.20336929876244,-36.712560705999636,-48.60294686260202,-23.342641515987964,-29.83442923883942,-8.630222682581003,-36.25613111566363,-14.771803795314083,-26.05829430285487,-7.578283959103381,-0.6715639322373832,-5.987691418285677,-8.96591510554594,-4.299023818008288,-10.388476159136886,-0.676149942879332,18.90329844542964,8.649951807475043,24.761035996113872,11.284264790107457,25.32389191688801,5.800000000000001,-2.7458160887775027,-1.2672668751658696,3.0241480331296695,-3.665079050902869,-2.693032898982708,4.54810187269044,-2.156815980329676,-1.3652146478538605,2.5525803038729658,-4.7678903496837926,-2.7255714946011445,5.491950323772981,-2.111878240544735,-1.0974219680561157,2.3799925795805508,-4.355920464955629,-1.263064943551825,4.535347412122785,-6.597716752745318,-3.605862938356651,7.51878406922757,-6.136244904657131,-3.2379079900108163,6.938122922066637,-4.5364338742589325,-3.638313722144548,5.815200687531706,4.308669336945582,-5.176366591111236,6.734938941126908
117,-41.935306651419516,-39.67947564541661,-39.51241502892871,-36.93637107029988,-48.38464538687974,-23.473047611190278,-30.008851226510842,-8.737390390193905,-36.48985554675322,-14.876684179137046,-26.274793519335695,-7.70401061590472,-0.842862640247929,-6.139553401472441,-9.146031642451025,-4.560692613105704,-10.450634312709205,-0.8080545206714124,18.835187515268288,8.51569586563602,24.70637817674729,11.221266407115088,25.346555921459874,5.8500000000000005,-2.633991976416155,-1.2473141971282242,2.914396410611005,-3.521618094085054,-2.6319422145690976,4.396466060532952,-2.1425993915388295,-1.3620506247931492,2.5388804731853702,-4.675412110312022,-2.691975434843931,5.395017158735965,-2.0968075725537787,-1.0929172301561922,2.3645443680107068,-4.3286876064665325,-1.2592970150404588,4.508144337359527,-6.681842820191331,-3.4016080277997895,7.497863738994889,-6.186071676416039,-3.0186858513502806,6.883309309837754,-4.487131387356783,-3.5699883832624457,5.734035676906032,4.302376353165994,-5.184105311959177,6.736867979244159
118,-42.22561595380882,-40.01770634985554,-39.824081024510186,-37.157989412788815,-48.16824988937844,-23.598509252583785,-30.176929624857802,-8.843828399349299,-36.71897915308722,-14.980791026962837,-26.489898674813332,-7.822093091972516,-1.003339449420345,-6.279990432416543,-9.321923353541003,-4.821516579495776,-10.511898610521701,-0.936750830710979,18.767238985720827,8.382948311833278,24.651951573205107,11.158473186668486,25.37082157666248,5.9,-2.535102900239573,-1.2294370819312743,2.817492192221796,-3.3947463075955246,-2.5677768595191783,4.25649861896085,-2.1280054223883096,-1.3588026125153192,2.524827047045501,-4.58339561520048,-2.6618076741185535,5.300258055928542,-2.0813368526100633,-1.088292913668523,2.3486899667631502,-4.300806386402439,-1.2551937641256907,4.480228449400769,-6.767323686496088,-3.1851700510373924,7.479437019711881,-6.238476984720204,-2.790186806497263,6.834013279474593,-4.443290951130594,-3.485491866960777,5.647254911109356,4.264256788746623,-5.167208737812494,6.69954715637538
119,-42.497131809024715,-40.36027883755264,-40.13849621233415,-37.37768883600024,-47.95535169913009,-23.71967319197769,-30.339493892396682,-8.94951784102916,-36.94352502187866,-15.08410433619379,-26.703577351208995,-7.932531387306796,-1.1523852064443725,-6.4085386658083685,-9.492781679944905,-5.080263952428801,-10.572372830716358,-1.062085139466255,18.699457056248114,8.251537731115206,24.597762164416682,11.095901894887769,25.397143910066404,5.95,-2.4491488602479103,-1.2136355295749857,2.733357155276345,-3.284463691434257,-2.500536833832947,4.12800026619491,-2.1130340728780763,-1.355470611020489,2.5104209946708083,-4.4918408643491485,-2.6350682124249847,5.20770763722096,-2.0654660807137017,-1.083549018593185,2.332429764488756,-4.272276804763233,-1.250755190807563,4.451599447822097,-6.8541593516596615,-2.9565490080694445,7.464628755340751,-6.29346082956968,-2.552410855451782,6.791351146005924,-4.404912565580346,-3.384824173239735,5.5552038121166785,4.194310643687489,-5.12567686867121,6.62305104447952
120,-42.749854217067195,-40.70726084845087,-40.455789519227835,-37.59574244246794,-47.747542145166676,-23.83718618118127,-30.497373487643923,-9.054439846215534,-37.16351624034053,-15.186604104232272,-26.91579713044394,-8.035325501907558,-1.289390758009719,-6.52473425633832,-9.657798062791835,-5.335702967155036,-10.632160751435265,-1.1839037134054191,18.631845926310945,8.121292708530234,24.54381592931139,11.033569297893116,25.42597487834329,6.0,-2.3761298564409854,-1.199909540059292,2.6619120945282098,-3.1907702456013434,-2.4302221375105155,4.010859558481329,-2.097685343007998,-1.3520546203087098,2.495663337585563,-4.400747857758047,-2.6117570497631855,5.117407214063557,-2.0491952568643583,-1.0786855449302593,2.315764173139587,-4.24309886154904,-1.245981295086187,4.422257040989749,-6.942349815681994,-2.7157448988960304,7.454628851873152,-6.351023210964426,-2.3053579982139185,6.756491051288219,-4.371996230706039,-3.2679853020993406,5.458395274807893,4.0925379179885715,-5.0595097045353645,6.507496066880238
121,-42.98378317793627,-41.05872012249315,-40.77608987201854,-37.812423334725736,-47.5464125565202,-23.95169497200373,-30.65139786911593,-9.158575545890429,-37.378975895685876,-15.288270328480674,-27.12652559443945,-8.130475435774812,-1.4137469508061313,-6.628113358696738,-9.816163943210741,-5.586601858924738,-10.691366150820427,-1.3020528189966416,18.564409795370263,7.992041829126744,24.49011884681865,10.971492161804717,25.457763511913413,6.050000000000001,-2.316045888818967,-1.188259113384436,2.603080536529057,-3.113665970096695,-2.35683277055176,3.905070611613173,-2.0819592327783374,-1.3485546403799236,2.4805551525900786,-4.310116595427153,-2.5918741861331767,5.029405219598046,-2.0325243810623936,-1.0737024926795777,2.2986936295207774,-4.213272556759817,-1.2408720769613537,4.392200945873013,-7.03189507856319,-2.4627577235170093,7.450686142944414,-6.41116412890449,-2.049028234783504,6.730642034359848,-4.344541946507653,-3.134975253539414,5.357528774096227,3.95893861164991,-4.968707245404867,6.35305018249906
122,-43.19891869163192,-41.414724399622415,-41.0995261975335,-38.028004615307395,-47.35355426222265,-24.063846316254335,-30.8023964953291,-9.26190607103586,-37.58992707512767,-15.38908300634135,-27.335730325116714,-8.217981188908528,-1.5248446315233122,-6.718212127574009,-9.967070762330692,-5.831728862988193,-10.750092807013871,-1.4163787227081013,18.497152862886864,7.863613677953171,24.436676895867816,10.909687252742723,25.492956140172325,6.1000000000000005,-2.2688969573816786,-1.1786842495502126,2.5567929058399677,-3.05315086492028,-2.2803687329567977,3.810749501372459,-2.065855742188867,-1.3449706712341238,2.465097574948035,-4.219947077356477,-2.5754196215349774,4.943757635915907,-2.015453453307579,-1.068599861841275,2.2812185969732575,-4.182797890395433,-1.2354275364333247,4.361430887870883,-7.122795140303066,-2.1975874819325134,7.454099633857295,-6.473883583389849,-1.783421565160745,6.715039920236141,-4.322549712985238,-2.9857940275601056,5.253513300282237,3.793512724671496,-4.853269491279886,6.15994833965616
123,-43.395260758154166,-41.77534141978162,-41.426227422599986,-38.24275938674675,-47.17055859130602,-24.174286965742308,-30.95119882479989,-9.364412552633802,-37.79639286587894,-15.489022135216608,-27.54337890439703,-8.297842761308733,-1.6220746468509928,-6.7945667176605475,-10.109709961280709,-6.069852214595664,-10.808444498157638,-1.5267276910080116,18.430079328321593,7.735836840057929,24.38349605538828,10.848171336827292,25.5319967037214,6.15,-2.234683062129238,-1.1711849485567662,2.5229907990108136,-3.009224930072223,-2.2008300247255397,3.728147995654356,-2.0493748712397437,-1.3413027128714186,2.449291801812341,-4.130239303545971,-2.5623933559685375,4.860528409058794,-1.9979824736000162,-1.0633776524153185,2.26333956720355,-4.1516748624561,-1.2296476735019095,4.329946600652084,-7.215050000901723,-1.9202341741424716,7.466206921794799,-6.539181574420466,-1.5085379893455384,6.710930079246752,-4.306019530138722,-2.8204416241615364,5.147494065002801,3.5962602570533413,-4.713196442160195,5.928516554657909
124,-43.57280937750299,-42.14063892291372,-41.75632247404528,-38.456960751577554,-46.99901687280227,-24.283663672276916,-31.098634316044684,-9.466076121666323,-37.99839635515272,-15.588067712508883,-27.74943891420163,-8.370060152975404,-1.7048278434788815,-6.856713283646667,-10.243272981189818,-6.299740148997406,-10.866525002393757,-1.6329459903645276,18.363193391135315,7.60853990048941,24.330582304309438,10.786961180178615,25.575327158293618,6.2,-2.213025891108006,-1.1656862618093689,2.501261292965108,-2.981380638175512,-2.1182971417124827,3.657295898649041,-2.0325166199308664,-1.337550765291551,2.4331390959061934,-4.041109974028482,-2.5525467280008978,4.779755707232386,-1.9801114419397257,-1.058035864401581,2.245057062272721,-4.119903472941698,-1.223532488167094,4.297747826008109,-7.308245327469212,-1.631352576857994,7.48810797174405,-6.606712323216644,-1.224975728885254,6.7193164278891215,-4.294693798291325,-2.63956273645515,5.041000521797689,3.368296971368671,-4.549231754320845,5.660471185497941
125,-43.7315645496784,-42.51068464896161,-42.08994027869663,-38.67088181233365,-46.840520435743414,-24.392623187667372,-31.2455324275799,-9.566877909115401,-38.195960630161984,-15.68619973562049,-27.953877936451732,-8.434633363908578,-1.7724950680967242,-6.904187980222804,-10.366951263187039,-6.5201609014437345,-10.924438097864275,-1.7348798872458575,18.296499250788884,7.481551444296037,24.27794162156066,10.726073548916823,25.623387972535653,6.25,-2.202033884549938,-1.1618134463351444,2.4897316547755173,-2.9670803523459583,-2.033172563190221,3.5968536930193467,-2.015280988262246,-1.3337148284948355,2.4166407894840853,-3.9531425889674705,-2.54463643046681,4.701330757558684,-1.96184035832657,-1.0525744978002658,2.226371636762022,-4.087483721852206,-1.2170819804289945,4.26483431372096,-7.400309455555891,-1.3342165736343703,7.5196219255591945,-6.674746935879652,-0.9357258915171904,6.740017032774506,-4.287284519058671,-2.446380830000147,4.936151103111852,3.1152016804842817,-4.365093709136174,5.36269751147986
126,-43.87152627468041,-42.88554633786825,-42.42720976338131,-38.884795671548794,-46.69666060916142,-24.501812263722925,-31.39272261792196,-9.66679904596307,-38.389108778119756,-15.783398201953796,-28.156663553068633,-8.491562394108227,-1.8244671673942383,-6.9365269620793075,-10.479936248401444,-6.7298827071848715,-10.982287562711226,-1.832375648120195,18.230001106743117,7.354700056526217,24.22557998607132,10.6655252091621,25.676618718424997,6.300000000000001,-2.1994371707333595,-1.1591168105666545,2.486176914167972,-2.963278908322322,-1.9459392642858075,3.5450954160356702,-1.9976679762339515,-1.3297949024810827,2.3997982885932982,-3.867037348559425,-2.5371704947681266,4.625063456286352,-1.943169222760585,-1.0469935526112355,2.2072838801326555,-4.054415609187726,-1.2102961502876053,4.231205821444529,-7.4887563878220185,-1.0327548247379246,7.55963324270196,-6.741210739731041,-0.6443778065259366,6.771938053098855,-4.28224609437962,-2.244764063467175,4.834935088857262,2.843668959840035,-4.1652442442554145,5.043383067689838
127,-44.42200735988363,-43.2651467130651,-42.768138832353664,-39.098885271869904,-46.56863820518764,-24.611745243069073,-31.540856711005354,-9.765820663191338,-38.5779047312505,-15.879643108911177,-28.357763345973538,-7.8333434863359095,-1.860364159910018,-6.95347576144816,-10.58164502055114,-6.927934081167334,-11.040150943068545,-1.9253077130047893,18.1637031584589,7.227901353729918,24.173503376770835,10.605332927034633,25.735332184811405,6.3500000000000005,-2.202965877936622,-1.1571466629362614,2.4883824181378547,-2.9669311418432924,-1.8570802201262318,3.5002039004068943,-1.9796775838459386,-1.3257909872503264,2.382613077664162,-3.783494453000583,-2.5286569523066884,4.5507072261721175,-1.9240980352420598,-1.0412930288345135,2.1877944193003396,-4.020699134948196,-1.2031749977428023,4.196862114600212,-7.571100126928026,-0.7308959904350719,7.606297790699733,-6.804029062092389,-0.3545208031959361,6.813258873527156,-4.278032926192964,-2.03858059552704,4.738921455568821,2.5603933848759057,-3.9541452973278908,4.710719617818128
128,-44.957166903947986,-43.64882843193771,-43.112251299576414,-39.31297291639627,-46.456091968350705,-24.722406831596206,-31.689875992437013,-9.863923891782214,-38.76257580182449,-15.974914453894973,-28.55714489708772,-7.193444786732236,-1.8807227515781602,-6.955617420727754,-10.672397233710791,-7.114384657122398,-11.098000857037727,-2.013663216113218,18.09760960539707,7.101419078463361,24.121717772588557,10.545513468654569,25.799336001569287,6.4,-2.210350134438007,-1.1554533118767332,2.494137139921746,-2.9749918886477498,-1.7670784058387043,3.4602229451151496,-1.961309811098162,-1.3217030828025935,2.3650867244563756,-3.7032141024872036,-2.517603834484224,4.477959776088857,-1.9046267957705176,-1.035472926470198,2.167903921445742,-3.9863342991335053,-1.1957185227947198,4.161802966287881,-7.644854675534122,-0.43256873099229765,7.6570829117274295,-6.861127230285118,-0.06974421081218554,6.861481700412947,-4.2730994164375735,-1.8316985848503644,4.64913952560062,2.2720695310318733,-3.7362588060030015,4.372862885945358
129,-45.477004906873496,-44.03578913536012,-43.45894995643936,-39.52679074834026,-46.35827012627864,-24.83364932601101,-31.83954411324191,-9.961089862717742,-38.943390147123466,-16.069192234307554,-28.754775788332417,-6.571866295297148,-1.8863088201815854,-6.943744359858087,-10.752738184544203,-7.289564348477587,-11.1557836907122,-2.0974574652081333,18.031724647018486,6.975604004784327,24.070229152453884,10.486083600142061,25.868313593576158,6.45,-2.2193200685158705,-1.1535870658203895,2.5012286350802446,-2.984415984474482,-1.6764167965501078,3.4230267372812206,-1.9425646579907425,-1.317531189137942,2.347220885393177,-3.626896497215774,-2.5025191727026437,4.406470289388137,-1.8847555043462776,-1.0295332455181831,2.1476130970896024,-3.9513211017439067,-1.187926725443318,4.126028157212353,-7.707534036300862,-0.14170170667578774,7.708836507178699,-6.910430571630844,0.20636264134103244,6.9135111358174175,-4.265899967052232,-1.627986190108031,4.565987468672981,1.985391973747929,-3.5160467079298092,4.037866483895517
130,-45.98152136866014,-44.425226464206425,-43.80763759433232,-39.740070910914284,-46.27442090659945,-24.945325023020125,-31.98962472444504,-10.05729970697988,-39.120615924429146,-16.162456447551328,-28.950623601628898,-5.968608012030694,-1.877888243503268,-6.918648998779125,-10.823213169715173,-7.453803068660425,-11.213445830185329,-2.176705768052192,17.96605248278398,6.850806906750589,24.019043495296202,10.427060087617312,25.94195058694096,6.5,-2.2276058084485504,-1.1510982331996709,2.5074398856820324,-2.992158265062316,-1.5855783673875614,3.3863062239419714,-1.923442124523579,-1.3132753062561584,2.3290173113169397,-3.5552418373825834,-2.4819109983636825,4.335853632916372,-1.864484160969284,-1.0234739859784483,2.126922703456792,-3.9156595427791676,-1.179799605688531,4.089537475624887,-7.756652211888499,0.13777642224798065,7.757875732358839,-6.949864413451149,0.47021042397895807,6.965752881646976,-4.254888979975801,-1.4313115699706174,4.489179551126382,1.7070552884639791,-3.297970940757736,3.713576454572506
131,-46.47071628930793,-44.81633805935067,-44.15771700464507,-39.95254554733071,-46.203792536941116,-25.05728621933022,-32.1398814770714,-10.15253455555068,-39.294521291023244,-16.254687091028565,-29.14465591889836,-5.3836699369328445,-1.8562268993261857,-6.881123757430932,-10.884367485887447,-7.607430731098459,-11.270933661550615,-2.251423432408075,17.900597312154407,6.72737855841993,23.968166780044868,10.368459697200462,26.01993445048236,6.550000000000001,-2.23331579446798,-1.1476120710417714,2.5109187369209955,-2.9956810935269145,-1.4949655976236231,3.347988553175289,-1.9039422106967019,-1.308935434157449,2.310477853705937,-3.4888336231511916,-2.45453600430219,4.265759843972235,-1.8438127656394865,-1.01729514785111,2.1058335481648456,-3.8793496222394497,-1.1713371635304486,4.052330717283193,-7.7901375378473325,0.40259177222371106,7.80053350698786,-6.97769986184729,0.7188080293644823,7.014626172869267,-4.238778456823984,-1.2448981899971974,4.417806504306567,1.4426382880466817,-3.0857497858611036,3.40632602242946
132,-46.94458966881686,-45.208321561666914,-44.50859097876743,-40.16394680080193,-46.14563324493164,-25.169385211647928,-32.29007802214597,-10.246775539412162,-39.46537440418751,-16.345864162141687,-29.336840322062102,-4.817052070003596,-1.8220906654332503,-6.8319610557534425,-10.93674642972485,-7.75077724921917,-11.328193570901412,-2.3216257660383963,17.835363334590603,6.60566973385011,23.917604985629296,10.31029919501166,26.10195414299677,6.6000000000000005,-2.2360717146206173,-1.1430536307520316,2.511292160562325,-2.9944769424913407,-1.4046589831127685,3.307560886507108,-1.8840649165100756,-1.3045115728417362,2.291604471391636,-3.4277885545543767,-2.4201455290851515,4.196050375851657,-1.8227413183569614,-1.0109967311360595,2.0843464932715654,-3.8423913401246717,-1.1625393989690087,4.0144076854276145,-7.807575681287374,0.652089566540407,7.834759653098547,-6.993591138039513,0.9515572359500789,7.058029341066369,-4.2173107979198665,-1.0693907432995844,4.3507823351790815,1.193256735069355,-2.880126899514802,3.1175298864801797
133,-47.40314150718694,-45.60037461202922,-44.85966230808921,-40.37400681454032,-46.09919125819903,-25.281474296679917,-32.43997801069377,-10.340003789546323,-39.63344342120366,-16.435967658293045,-29.52714439304134,-4.268754411242967,-1.7762454196074449,-6.771953313686672,-10.98089529789116,-7.884172536450078,-11.38517194433111,-2.387328076705841,17.770354749553462,6.486031207098929,23.867364090978864,10.252595347171114,26.187699774004574,6.65,-2.235873568906345,-1.137422912330428,2.5085576528412155,-2.988545811955668,-1.3146585238549966,3.2649246705708785,-1.8638102419637061,-1.300003722309047,2.27239923782468,-3.3721066315920516,-2.3787395727125764,4.126682092143263,-1.8012698191216785,-1.004578735833375,2.0624624597231405,-3.8047846964347944,-1.1534063120042333,3.975768190777176,-7.808966642208726,0.886269805197941,7.859098815178126,-6.997538242027801,1.1684580437358023,7.09442285521609,-4.190486003263501,-0.9047892298776806,4.287052191663866,0.9589106295320188,-2.6811022817189887,2.8474232281956713
134,-47.846371804418155,-45.991694851311664,-45.21033378400021,-40.582457731758296,-46.0637148043713,-25.393405771132866,-32.58934509373977,-10.432200436935183,-39.798996499353414,-16.524977576884996,-29.715535713757344,-3.7387769606509575,-1.7194570396317193,-6.701892951170591,-11.017359387050158,-8.007946506218719,-11.441815167933164,-2.448545672173057,17.705575756503794,6.368813752224153,23.817450075022947,10.195364919798976,26.276862284797062,6.7,-2.2327213573252047,-1.1307199157772154,2.5027129654419698,-2.9778877019198804,-1.2249642198504054,3.2199926250163027,-1.843178187057719,-1.295411882559368,2.252864348939231,-3.3217878542642914,-2.33031813518443,4.057666467306943,-1.7793982679334235,-0.9980411619430014,2.0401824322488915,-3.766529691169867,-1.143937902636164,3.9364120515453918,-7.7943104206112865,1.1051324881964035,7.872267319477716,-6.9895411738121895,1.369510452721547,7.12244653897307,-4.1583040728548255,-0.7510936497314633,4.22559279072037,0.7395999714347145,-2.488675932473483,2.5962503759497064
135,-48.27428056051051,-46.38147992038829,-45.56000819789024,-40.78903169566822,-46.03845211107643,-25.50503193171342,-32.73794292230898,-10.52334661256074,-39.96230179591852,-16.61287391531991,-29.901981866131354,-3.2271197182275437,-1.6524914032890181,-6.622572388145227,-11.046683993865646,-8.122429071952578,-11.498069627800938,-2.505293860202687,17.641030554902464,6.254368143283559,23.767868916690936,10.138624679015416,26.369133155590156,6.75,-2.226615079877247,-1.1229446410920385,2.493756078868598,-2.9625026123839273,-1.1355760710988352,3.1726888819475922,-1.8221687517919722,-1.2907360535926886,2.233002131671876,-3.2768322225711373,-2.274881216500741,3.9890743242096143,-1.7571266647925974,-0.991384009464857,2.017507464756394,-3.727626324329981,-1.1341341708647448,3.8963390934774798,-7.763607016495114,1.3086776155357898,7.873133493595584,-6.9695999333926775,1.5547144629074907,7.140900523934005,-4.120765006693903,-0.6083040028611676,4.165421707377288,0.5353247607773436,-2.3028478517782727,2.364250584845254
136,-48.686867775464016,-46.76892746013318,-45.908088341149096,-40.99346084948249,-46.02265140594243,-25.61620507512823,-32.885535147426395,-10.61342344740504,-40.123627468180686,-16.699636671000142,-30.086450432084597,-2.7337826839727786,-1.5761143883623054,-6.534784044550555,-11.069414415001392,-8.227950147079234,-11.55388171002785,-2.5575879485573827,17.57672334421032,6.143045154334924,23.7186265949122,10.082391390940579,26.46420414347283,6.800000000000001,-2.2175547365625112,-1.1140970882750332,2.481685179823125,-2.9423905433479165,-1.0464940776004816,3.122949241348013,-1.800781936166512,-1.2859762354089719,2.2128150531981303,-3.237239736512471,-2.2124288166615025,3.9210409817355325,-1.7344550096989375,-0.98460727839915,1.9944386862840187,-3.688074595914995,-1.1239951166899342,3.855549149910603,-7.716856429860212,1.4969051872160597,7.860699606179417,-6.93771452076927,1.7240700742935355,7.148727186903085,-4.07786880478071,-0.47642028926647284,4.105604739990006,0.34608499755994,-2.12361803963347,2.151633891672272
137,-49.08413344927866,-47.15323511142038,-46.25397700516659,-41.195477336413475,-46.0155609165973,-25.726777498083948,-33.031885420117,-10.702412072450082,-40.28324167342165,-16.785245841328027,-30.268908993538354,-2.258765857886584,-1.4910918726345264,-6.439320340326583,-11.086095947121185,-8.324839645026145,-11.609197800707355,-2.605443244999835,17.5126583238882,6.035195559436037,23.66972908861615,10.026681821694654,26.5617670546663,6.8500000000000005,-2.205540327380831,-1.1041772573262938,2.46649864206323,-2.9175514948117027,-0.95771823935516,3.0707215684381985,-1.779017740181237,-1.2811324280083127,2.1923057309540632,-3.203010396088342,-2.142960935666712,3.8537718107386105,-1.7113833026524579,-0.9777109687457406,1.9709773075820454,-3.6478745059249595,-1.1135207401118268,3.814042061859892,-7.654058660706559,1.6698152032372526,7.8340855748772205,-6.893884935941926,1.8775772868797496,7.144994470131781,-4.029615467115239,-0.3554425089476052,4.045261448903066,0.17188068178254745,-1.950986496039048,1.958543151553408
138,-49.46607758195446,-47.53360051512396,-46.597076981332506,-41.39481329967357,-46.016428870669046,-25.836601497287255,-33.17675739140577,-10.79029361867787,-40.44141256892314,-16.869681423705973,-30.44932513241385,-1.802069239969043,-1.3981897338886595,-6.3369736954133105,-11.097273886888855,-8.413427479220854,-11.663964285932828,-2.648875057292667,17.448839693396966,5.931170132644671,23.62118237673217,9.971512737397802,26.661513553433764,6.9,-2.1905718523323428,-1.0931851482456811,2.448195010324072,-2.8879854667754614,-0.8692485563628632,3.015966364044069,-1.7568761638363253,-1.2762046313906166,2.1714769435200325,-3.1741442012988026,-2.0664775735164094,3.7875481478768136,-1.6879115436533074,-0.9706950805046368,1.947124628397986,-3.607026054359856,-1.1027110411304146,3.77181767813103,-7.575213709034136,1.8274076635993783,7.792514453404655,-6.838111178910669,2.0152361006660198,7.128880770259147,-3.9760049936974786,-0.24537066190442286,3.983569061988345,0.012711813445167183,-1.7849532209949432,1.7849984849689053
139,-49.83270017349139,-47.909221312117985,-46.93679106103667,-41.59120088247518,-46.02450349578566,-25.945529369444806,-33.31991471231774,-10.877049217070441,-40.59840831196687,-16.952923415536315,-30.62766643063235,-1.3636928302200781,-1.2981738499076299,-6.228536529750706,-11.103493530968116,-8.494043563090884,-11.718127551797673,-2.6878986931985644,17.385271652197464,5.831319648018585,23.572992438189594,9.916900904170184,26.763135008846536,6.95,-2.172649311416966,-1.0811207610334133,2.4267729869804637,-2.853692459239003,-0.7810850286238046,2.958657545891007,-1.734357207131715,-1.271192845555991,2.1503316424501735,-3.150641152143747,-1.9829787302105009,3.7227334465482387,-1.6640397327012402,-0.9635596136759551,1.9228820455544773,-3.565529241219691,-1.0915660197456776,3.7288758554631563,-7.480321574842999,1.9696825683023236,7.735299624638705,-6.7703932496754895,2.1370465156523415,7.099661440189472,-3.917037384527449,-0.1462047481370168,3.9197650057322884,-0.13142160745226378,-1.625518214501295,1.6308222173433913
140,-50.18400122388947,-48.279295143276514,-47.272522035668885,-41.784372228030655,-46.039033019575136,-26.053413411263207,-33.461121033877866,-10.962659998609755,-40.75449705983458,-17.034951814221404,-30.803900470115074,-0.9436366286397473,-1.191810098474407,-6.1148012632787605,-11.105300176022821,-8.567017810063744,-11.771633984395313,-2.7225294604801467,17.321958399750553,5.73599487961558,23.525165251917855,9.862863088131975,26.866322379561854,7.0,-2.151772704634782,-1.0679840956893687,2.4022314212116873,-2.8146724722024508,-0.6932276561377898,2.898783487776993,-1.711460870067314,-1.2660970705043553,2.128872965141715,-3.1325012486233184,-1.892464405749047,3.659779446859297,-1.6397678697964493,-0.956304568259462,1.8982510619227113,-3.523384066504557,-1.0800856759575654,3.6852164587045495,-7.369382258133113,2.0966399173462102,7.661833580122752,-6.690731148236413,2.2430085318388486,7.056696859854674,-3.85271263960515,-0.05794476764538337,3.8531483593901186,-0.26051958090970306,-1.4726814765578937,1.4955471184265996
141,-50.51998073314869,-48.643019649473615,-47.60367269661895,-41.974059479552416,-46.05926566966549,-26.160105919449187,-33.600140007111186,-11.047107094277898,-40.909946969808,-17.115746617163655,-30.977994832783295,-0.5419006352280262,-1.0798643573719358,-5.996560315937483,-11.103239118716706,-8.63268013356695,-11.824429969819153,-2.7527826669000595,17.258904135517078,5.645546601493408,23.477706796846324,9.80941605540333,26.970766135835458,7.050000000000001,-2.127942031985729,-1.0537751522133791,2.374569300507754,-2.7709255056657893,-0.6056764389048709,2.8363483753928564,-1.6881871526432455,-1.2609173062357126,2.1071042488482705,-3.119724490737398,-1.7949346001320612,3.5992320176473704,-1.6150959549389263,-0.9489299442553758,1.8732332964061345,-3.4805905302143443,-1.0682700097660924,3.6408393610242427,-7.242395758904495,2.2082797107310177,7.571578145236572,-6.599124874593398,2.333122149225485,6.999421981398456,-3.7830307589305825,0.019409279570469666,3.7830805493867485,-0.3745821069271726,-1.3264430071649072,1.3783188332482008
142,-50.84063870126905,-48.99959247158334,-47.929645835276666,-42.15999478025283,-46.08444967368472,-26.26545919070936,-33.736735283042634,-11.130371635056841,-41.065026199168834,-17.195287821765344,-31.14991710055825,-0.15848484998492013,-0.963102504383204,-5.8746061076669065,-11.097855655713602,-8.691360447028032,-11.876461894162633,-2.778673620221019,17.196113058957867,5.560325587709882,23.43062305190435,9.756576572104429,27.07615621720497,7.1000000000000005,-2.1011572934698126,-1.0384939306056353,2.3437857444327395,-2.722451559629026,-0.518431376925091,2.771373952953113,-1.6645360548594128,-1.2556535527500463,2.0850290459513388,-3.112310878486015,-1.6903893133595345,3.5417361611309373,-1.5900239881286247,-0.9414357416636381,1.847830495068804,-3.4371486323490816,-1.0561190211714038,3.595744444164408,-7.099362077157125,2.3046019484567632,7.464056004841298,-6.495574428746528,2.4073873678122886,6.92733722999595,-3.7079917425037965,0.08585739351073401,3.7089856099069456,-0.47360918550463094,-1.1868028063222837,1.2778131951458351
143,-51.145975128250555,-49.348211250479764,-48.24984424303184,-42.34191027334429,-46.11383325926083,-26.369325521750405,-33.87067051269725,-11.2124347519286,-41.22000290519885,-17.2735554254289,-31.31963485536119,0.2066107270895955,-0.8422904172911325,-5.749731058406959,-11.089695083677276,-8.743388663874496,-11.927676143519129,-2.800217628205609,17.133589369533794,5.4806826123227586,23.38391999602139,9.704361404355431,27.182182023654434,7.15,-2.0714184890869975,-1.022140430866135,2.309880000636974,-2.669250634092094,-0.43149247019834047,2.7039017547682667,-1.640507576715893,-1.250305810047434,2.0626511406199115,-3.110260411869201,-1.578828545431415,3.4880394787774196,-1.5645519693655,-0.933821960484196,1.8220445435630852,-3.3930583729087207,-1.0436327101732379,3.54993159873673,-6.940281212890988,2.3856066305233563,7.338843390453608,-6.380079810695684,2.4658041875991046,6.840000634680377,-3.627595590324642,0.14139957417502833,3.6303503421184664,-0.5576008166421167,-1.0537608740299869,1.1921957265300012
144,-51.4359900140932,-49.68807362703695,-48.56367071127428,-42.51953810203918,-46.14666465402181,-26.471557209278952,-34.001709347100025,-11.293277575875218,-41.37514524517974,-17.35052942555665,-31.487115679113373,0.5533860959954674,-0.7181939738786709,-5.622727588097664,-11.079302699271521,-8.789094697533862,-11.978019103982037,-2.8174299986165394,17.0713372667057,5.406968449389816,23.33760360812677,9.652787318276522,27.28853243761455,7.2,-2.0387256188374456,-1.004714652994802,2.272851443197859,-2.611322729055067,-0.34485971872472687,2.633995941697424,-1.61610171821274,-1.2448740781278016,2.0399745669994793,-3.113573090886932,-1.4602522963477327,3.438993190060723,-1.538679898649661,-0.9260886007171351,1.7958774810344809,-3.3483197518933387,-1.0308110767718184,3.503400724569564,-6.765153166106137,2.4512937569308817,7.195563803041718,-6.252641020440938,2.50837260858602,6.737021068247103,-3.5418423023932983,0.1860358215637651,3.5467247175284924,-0.6265570003396339,-0.9273172102881164,1.1191473911738055
145,-51.71068335879699,-50.01837724212895,-48.87052803139379,-42.6926104095499,-46.182192085595666,-26.57200655000169,-34.12961543727593,-11.372881237878664,-41.530721376393245,-17.42618981955099,-31.652327153736028,0.8818412567327343,-0.5915790519287932,-5.49438811667901,-11.067223799160098,-8.828808461433653,-12.0274371616448,-2.8303260392164487,17.00936094993445,5.339533872968834,23.291679867149895,9.601871079987811,27.394895873865572,7.25,-2.0030786827209637,-0.9862165969916714,2.232699573465491,-2.5486678445178637,-0.2585331225042981,2.561746895599008,-1.591318479349756,-1.2393583569912296,2.0170036290904436,-3.122248915539228,-1.3346605661085413,3.3955496046017437,-1.5124077759809866,-0.9182356623623237,1.7693315157091758,-3.3029327693029162,-1.0176541209670233,3.4561517311102237,-6.573977936802532,2.5016633276792533,7.033882663125801,-6.113258057982313,2.5350926307730197,6.618052487710063,-3.4507318787096644,0.21976613567659858,3.4577228999926173,-0.6804777365971612,-0.8074718150965725,1.0559643375511072
146,-51.97005516236193,-50.338319736629835,-49.169818994780165,-42.860859339088805,-46.2196637816104,-26.670525840625256,-34.254152434249974,-11.451226868921005,-41.68699945612109,-17.50051660481424,-31.815236861150403,1.1919762093013913,-0.4632115292244538,-5.365505064091018,-11.054003680006856,-8.86285986900138,-12.075876702600821,-2.8389210577679838,16.94766461868086,5.278729657117589,23.246154752020125,9.55162945560955,27.500960354282164,7.300000000000001,-1.9644776807376547,-0.9666462628566725,2.1894240237128955,-2.4812859804805925,-0.1725126815368673,2.4872757672241685,-1.5661578601270842,-1.2337586466376405,1.9937429224930154,-3.136287885826053,-1.2020533547137937,3.358754824389232,-1.4857356013595298,-0.9102631454198279,1.7424090424055891,-3.256897425137456,-1.0041618427589643,3.408184537891114,-6.366755524980218,2.5367153427686264,6.85350280113052,-5.961930923319754,2.5459642541602454,6.482789084791983,-3.3542643192737014,0.2425905165137621,3.3630253169215187,-0.7193630254146761,-0.6942246884554397,0.9997154997272015
147,-52.21410542478801,-50.647098751413665,-49.46094639282322,-43.02401703386831,-46.25832796969401,-26.766967377856314,-34.37508398904714,-11.528295599984215,-41.844247641645005,-17.573489778748787,-31.975812383277745,1.483790953701443,-0.33385728354859734,-5.236870850273652,-11.040187638475503,-8.891578833664585,-12.123284112943495,-2.8432303620338013,16.886252472405822,5.224906575893873,23.201034241666857,9.502079211261838,27.606413604376087,7.3500000000000005,-1.9229226128874715,-0.9460036505898838,2.143024564041058,-2.409177136943179,-0.08679839582261742,2.410740226297125,-1.5406198605447499,-1.2280749470669872,1.97019735821529,-3.1556900017474354,-1.0624306621635078,3.3297354698284845,-1.4586633747852942,-0.9021710498897517,1.7151126622467694,-3.2102137193969464,-0.9903342421474911,3.359499075066731,-6.143485930639093,2.556449802198883,6.654160726276695,-5.798659616453295,2.5409874787475033,6.33096127887684,-3.25243962408552,0.2545089640751288,3.2623823076267677,-0.743212866792241,-0.5875758303645491,0.9474232010005511
148,-52.44283414607522,-50.9439119273545,-49.74331301691276,-43.1818156371008,-46.2974328774745,-26.861183458401523,-34.49217375269244,-11.604068562050312,-42.002734090246726,-17.645089338757,-32.134021302039315,1.7572854899328707,-0.2042821926841978,-5.109277895166927,-11.026320971229897,-8.91529526885075,-12.169605778766238,-2.8432692597765636,16.825128710570148,5.1784154033554195,23.15632431501951,9.453237113064873,27.71094316873512,7.4,-1.8784134791704914,-0.9242887601913946,2.093501113194243,-2.3323413139056184,-0.001390265361452564,2.3323417282612686,-1.5147044806026426,-1.2223072582794592,1.9463721887656456,-3.180455263303347,-0.9157924884576414,3.3096784683393943,-1.4311910962583778,-0.8939593757719103,1.6874452048999282,-3.1628816520813277,-0.9761713191327697,3.3100952840318842,-5.904169153779245,2.5608667059700148,6.435623643609378,-5.623444137382888,2.5201623045349377,6.162332513542646,-3.145257793145073,0.2555214783607997,3.155620035942779,-0.7520272607297724,-0.4875252408240875,0.8962286880709129
149,-52.65624132622359,-51.227956905326415,-50.01632165843858,-43.333987291998625,-46.33622673257986,-26.95302637896754,-34.60518537621084,-11.67852688610132,-42.16272695920795,-17.71529528224118,-32.28983119935636,2.0124598179957074,-0.07525213441418543,-4.983518618710821,-11.012948974933785,-8.934339087987436,-12.214788086162468,-2.8390530587589224,16.764297532634693,5.139606913560055,23.112030951007412,9.405119927138792,27.814236542703043,7.45,-1.8309502795866015,-0.9015015916609656,2.0408537542130523,-2.250778511367961,0.08371170984668434,2.252334690404876,-1.488411720300881,-1.21645558027488,1.922273036774673,-3.2105836704938238,-0.7621388335962068,3.2998034951974002,-1.4033187657785642,-0.8856281230664907,1.6594097537234582,-3.1149012231906985,-0.9616730737146013,3.2599731181318967,-5.648805194400655,2.549966054082078,6.197687230028532,-5.436284486108597,2.4834887315224243,5.976696854743753,-3.0327188264522724,0.24562805937073015,3.042649605831779,-0.7458062072273757,-0.3940729198339801,0.8435166654461319
150,-52.8543269652331,-51.498431326203445,-50.27937510879049,-43.48026414177422,-46.37395776263811,-27.04234843626102,-34.713882510627364,-11.751651703119261,-42.32449440581045,-17.78408760660375,-32.44320965715012,2.2493139378899007,0.05246701347847563,-4.8603854408453335,-11.00061694625098,-8.949040204502088,-12.258777421225588,-2.830597066743525,16.70376313806035,5.108831880565531,23.068160128559978,9.35774441960381,27.91598131797366,7.5,-1.7805330141359241,-0.877642144998795,1.9850827562361335,-2.1644887293301673,0.16850752980162598,2.1710380574732375,-1.461741579639288,-1.2105199130532804,1.8979059264212446,-3.246075223318846,-0.6014696975792826,3.3013285435640314,-1.375046383346047,-0.877177291773361,1.631009674268026,-3.0662724327250177,-0.94683950589322,3.2091325434779905,-5.3773940525033135,2.523747846535017,5.940174238924995,-5.237180662630422,2.4309667597100617,5.773877438935231,-2.9148227240073035,0.22482870710492034,2.923480709689706,-0.7245497062849697,-0.3072188673942737,0.7869915560923486
151,-53.03709106310375,-51.75453283085969,-50.53187615935829,-43.620378329639955,-46.40987419527723,-27.129001926988625,-34.81802880696699,-11.823424144086143,-42.48830458733591,-17.851446309247084,-32.59412425734184,2.467847849615508,0.17810937321083573,-4.740670781510435,-10.989870181845241,-8.959728531822293,-12.301520170049026,-2.8179165914930477,16.64352972630789,5.086441078429641,23.0247178266066,9.311127356580052,28.015865340160815,7.550000000000001,-1.727161682818358,-0.8527104202048627,1.9261886042965513,-2.073471967792246,0.25299719450346964,2.0888498226648258,-1.434694058617993,-1.2045002566147147,1.8732773179694144,-3.2869299217784365,-0.43378508040679853,3.315430259659511,-1.3463739489607476,-0.8686068818925066,1.6022486466560615,-3.0169952806843705,-0.9316706156684629,3.157573539883405,-5.089935728087244,2.4822120833288595,5.662934093090156,-5.026132666948314,2.3625963890978188,5.553725892006467,-2.7915694858099855,0.1931234215632826,2.798241742605834,-0.6882577579025912,-0.2269630835048633,0.7247144145021109
152,-53.204533619835544,-51.99545906016918,-50.7732276015318,-43.7540619988082,-46.44322425812525,-27.212839147857,-34.91738791625472,-11.893825339983973,-42.654425661066085,-17.91735138757349,-32.742542581852774,2.6680615531724765,0.3009090669999355,-4.62516706064616,-10.981253978380343,-8.966733983375546,-12.342962718726138,-2.801026940770109,16.58360149683824,5.0727852812101615,22.981710024076623,9.2652855041877,28.113576876837165,7.6000000000000005,-1.6708362856339691,-0.8267064172790999,1.8641720397435328,-1.9777282267542229,0.3371807039522454,2.0062651285456106,-1.4072691572370704,-1.1983966109592168,1.848394145757141,-3.3331477658725444,-0.25908498207869735,3.34320191688744,-1.3173014626225883,-0.8599168934240108,1.573130702460419,-2.9670697670686024,-0.9161664030403326,3.1052961019381695,-4.786430221152423,2.4253587644636543,5.365843773193728,-4.80314049906227,2.2783776196856937,5.316122951138056,-2.6629591118603884,0.1505122027459902,2.667209244625498,-0.6369303620802218,-0.15330556816584714,0.6551205105706092
153,-53.35665463542848,-52.22040765500599,-51.00283222670081,-43.88104729249136,-46.47325617881014,-27.29371239557283,-35.01172348951553,-11.962836421794755,-42.82312578428269,-17.981782838985357,-32.88843221260416,2.8499550485608456,0.42010021706280126,-4.514666698192497,-10.975313632520134,-8.970386472589375,-12.383051453350399,-2.7799434223374146,16.523982649112213,5.0682152629648405,22.93914269989945,9.220235628546924,28.208804794990336,7.65,-1.6115568225826822,-0.7996301362215253,1.7990341150646494,-1.877257506216094,0.4210580581479476,1.9238985505935569,-1.379466875496421,-1.192208976086641,1.8232638600195572,-3.3847287556012207,-0.07736940259509684,3.3856129095706895,-1.2878289243317789,-0.8511073263678717,1.5436602668147592,-2.9164958918777786,-0.9003268680088321,3.0523002402448145,-4.466877531698822,2.353187889939284,5.04881056572265,-4.568204158972298,2.178310451473662,5.060980701509461,-2.5289916021586087,0.0969950506528912,2.530850956425511,-0.5705675188178809,-0.08624632137713409,0.5770491499699838
154,-53.49345410988256,-52.4285762562442,-51.220092826255126,-44.001066353901805,-46.499218184959915,-27.37147396684274,-35.10079917777443,-12.030438520500512,-42.99467311426746,-18.044720660885048,-33.031760731517274,3.0135283357806184,0.5349169456165027,-4.409962114089416,-10.972594440928354,-8.971015912891287,-12.421732760015196,-2.754681343957587,16.464677382590672,5.0730817977514935,22.89702183300448,9.175994495777877,28.301238747315114,7.7,-1.5493232936645969,-0.7714815770321578,1.7307762686123644,-1.7720598061778066,0.5046292570905253,1.842510961645184,-1.351287213395955,-1.185937351997126,1.797894472973695,-3.4416728909644227,0.11136165804409187,3.443474075302693,-1.2579563340881736,-0.8421781807240121,1.513842206625302,-2.8652736551119222,-0.8841520105741537,2.9985859828393706,-4.131277659726559,2.2656994597558997,4.711777705250316,-4.321323646678438,2.062394884461782,4.78824714470717,-2.3896669567045143,0.03257196528406615,2.389888929822447,-0.4891692281155297,-0.02578534313887589,0.48984836189981557
155,-53.614932043197776,-52.619162504757846,-51.42441219158455,-44.11385132625193,-46.52035850420258,-27.445976158373412,-35.184378632056415,-12.096612767083286,-43.169335808302115,-18.106144850674905,-33.172495720513325,3.158781414831762,0.6445933748780803,-4.311845728276935,-10.9736417002688,-8.968952217708797,-12.458953024813923,-2.725256013393278,16.405689896734422,5.087735659627875,22.855353402321107,9.132578872000757,28.3905693672339,7.75,-1.4841356988796217,-0.7422607397109622,1.6594004273848937,-1.6621351266393618,0.5878943007799506,1.763040807269643,-1.3227301709357588,-1.1795817386905187,1.7722946096391223,-3.5039801719621906,0.3071081998387978,3.5174127554087833,-1.2276836918916714,-0.833129456492564,1.483681885921763,-2.8134030567710338,-0.8676418307359675,2.9441533768286354,-3.7796306052354764,2.1628934739133765,4.354734858924222,-4.062498962180696,1.9306309186498836,4.497914356873208,-2.2449851754981074,-0.042757053360560224,2.245392305103575,-0.3927354899732504,0.028077366549038293,0.39373786152319434
156,-53.72108843537415,-52.791364041421005,-51.615193114078885,-44.21913435275414,-46.53592536416612,-27.51707126687148,-35.262225503386475,-12.161340292525068,-43.34738202366838,-18.166035405757302,-33.31060476151358,3.2857142857142865,0.7483636270645653,-4.221109960695038,-10.979000707205273,-8.964525300469433,-12.494658633840002,-2.6916827384071405,16.347024391004368,5.112527622651771,22.814143386778657,9.0900055233357,28.47648847301204,7.800000000000001,-1.4159940382278298,-0.7119676242580456,1.5849091501686783,-1.547483467600871,0.6708531892163063,1.6866383975172938,-1.2937957481159614,-1.1731421361670271,1.7464735639263127,-3.5716505985945073,0.5098702227890664,3.607860258176233,-1.1970109977424785,-0.8239611536733507,1.4531852295833325,-2.760884096855078,-0.8507963284945277,2.8890024902805203,-3.4119363682256707,2.0447699324117297,3.9777372785688154,-3.7917301054789814,1.7830185540381915,4.190032500690191,-2.0949462585394754,-0.1289920052809027,2.0989137103737576,-0.2812663043909174,0.07534180768659943,0.29118228306545146
157,-53.72108843537415,-52.94437850710774,-51.791838385127946,-44.3166475766208,-46.54516699247855,-27.58461158904363,-35.3341034427896,-12.224602227807846,-43.529079917648,-18.224372323534613,-33.446055436439295,3.2857142857142865,0.8454618243930417,-4.138547231283709,-10.989216758401557,-8.958065074600695,-12.528795973186844,-2.653976826761841,16.288685064861355,5.147808460880963,22.773397765306573,9.048291215902855,28.558689281806767,7.8500000000000005,-1.3448983117091233,-0.680602230673243,1.5073058300276838,-1.4281048290621572,0.7535059223995938,1.6146995317649397,-1.2644839449363954,-1.1666185444265116,1.7204413605821447,-3.6446841708613404,0.7196477268949066,3.7150525643861654,-1.165938251640527,-0.814673272266486,1.4223587969228977,-2.707716775364103,-0.8336155038497655,2.8331334144100726,-3.0281949486971342,1.9113288352510482,3.580941575029809,-3.50901707657339,1.6195577906266563,3.8647339210951066,-1.9395502058285035,-0.22613289047701154,1.9526881689314548,-0.15476167136861385,0.11600798027382725,0.19341413188290954
158,-53.72108843537415,-53.0774035426921,-51.95375079612153,-44.40612314106429,-46.54733161676787,-27.648449421596492,-35.39977610129077,-12.286379703913658,-43.71469764752268,-18.28113560140917,-33.5788153272117,3.2857142857142865,0.9351220890805165,-4.064949959982976,-11.004835150521437,-8.94990145353013,-12.561311428947862,-2.612153586220065,16.230676117766208,5.1939289483732205,22.733122516834204,9.007452715822463,28.636866634961763,7.9,-1.2708485193236116,-0.6481645589566289,1.4265949861661709,-1.3039992110234404,0.835852500329765,1.5488910047699531,-1.234794761397184,-1.16001096346901,1.694208823652571,-3.7230808887627207,0.936440712156289,3.839043176581111,-1.1344654535857028,-0.8052658122719476,1.3912098669120392,-2.6539010922980015,-0.8160993568016587,2.776546266114182,-2.628406346649843,1.762570182431247,3.164675903012012,-3.2143598754638756,1.4402486284151637,3.5222756167914944,-1.7787970173653302,-0.3341797089488646,1.8099157181650596,-0.01322159090634091,0.15007588431068566,0.15065716550409722
159,-53.72108843537415,-53.189636789048166,-52.10033313844944,-44.48729318929701,-46.54166746466207,-27.70843706123674,-35.45900712991502,-12.34665385182456,-43.90450337057416,-18.336305236783357,-33.70885201575205,3.2857142857142865,1.0165785433440402,-4.001110566732794,-11.026401180228659,-8.940364350685236,-12.592151387216454,-2.566228324544402,16.173001749179782,5.2512398591863345,22.69332362029095,8.967506789214616,28.710717236338496,7.95,-1.193844661071221,-0.6146546091082684,1.342782693985254,-1.1751666134845042,0.9178929230068297,1.4911552526664218,-1.2047281974981932,-1.153319393294531,1.6677876521897235,-3.8068407522986996,1.1602491785732367,3.979725451553411,-1.1025926035781968,-0.7957387736898429,1.359746537196827,-2.599437047656914,-0.7982478873502283,2.7192411909189658,-2.2125705620838056,1.5984939739523616,2.7295881515279663,-2.907758502150455,1.2450910674038458,3.163117334680632,-1.6126866931499044,-0.45313246069639657,1.6751380233280915,0.14335393699590557,0.17754551979723732,0.2281945723550349
160,-53.72108843537415,-53.28027588704999,-52.2309882035015,-44.559889864531335,-46.527422763789154,-27.76442680467102,-35.51156017968729,-12.405405802522493,-44.098765244084156,-18.38986122705954,-33.83613308398159,3.2857142857142865,1.0890653094006677,-3.9478214714731674,-11.054460144187088,-8.929783679493536,-12.621262234086034,-2.516216349497557,16.115666158562934,5.320091967378057,22.65400705460618,8.928470202199506,28.779939905967638,8.0,-1.1138867369520473,-0.5800723811281328,1.2558772352843017,-1.041607036445447,0.9996271904307228,1.4436757732334111,-1.1742842532394107,-1.1465438339029492,1.6411905040143615,-3.8959637614692033,1.3910731261456837,4.136860896013545,-1.0703197016178896,-0.7860921565199123,1.3279778395039332,-2.5443246414407814,-0.7800610954954792,2.6612183664157225,-1.7806875949990228,1.4191002098144287,2.2769922521780264,-2.589212956633158,1.0340851075926336,2.7880738413000987,-1.4412192331821188,-0.5829911457198376,1.554667666764117,0.31496491233813817,0.19841688673335825,0.3722528132131836
161,-53.72108843537415,-53.348518477571645,-52.345118782667484,-44.62364530997967,-46.503845741777134,-27.816270948606004,-35.55719890163263,-12.462616686989527,-44.29775142533441,-18.441783569640045,-33.960626113821576,3.2857142857142865,1.15181650946744,-3.9058750941441085,-11.089557339060457,-8.918489353382547,-12.648590355650017,-2.4621329688421687,16.058673545376518,5.400836047006195,22.615178798709298,8.890359720897296,28.84423585182094,8.05,-1.0309747469659358,-0.5444178750161498,1.1658901112534472,-0.903320479906325,1.0810553026015044,1.4087826151330174,-1.1434629286210183,-1.1396842852945084,1.6144310884264494,-3.990449916274255,1.628912554873741,4.310109818289844,-1.0376467477047908,-0.776325960762389,1.2959138745981449,-2.488563873649603,-0.7615389812373294,2.602478006281303,-1.3327574453955018,1.2243888900172641,1.8097984866428782,-2.258723238911914,0.8072307489814736,2.398635477120673,-1.2643946374620694,-0.7237557640188412,1.4568857900306855,0.5016113351203821,0.21268998511905943,0.5448403080639299
162,-53.72108843537415,-53.39356220148718,-52.44212766733721,-44.6782916688544,-46.47018462625401,-27.86382178974834,-35.59568694677599,-12.518267636207653,-44.50173007160666,-18.492052261927274,-34.082298687193244,3.2857142857142865,1.204066265761407,-3.8760638546855883,-11.132238061512538,-8.906811285779764,-12.674082138001816,-2.403993490340888,16.002028109081337,5.493822872128507,22.576844831529662,8.853192111428177,28.903308963055405,8.1,-0.9451086911130151,-0.5076910907723537,1.0728376772219455,-0.7603069438670628,1.162177259519333,1.3887845878451919,-1.112264223642892,-1.1327407474690239,1.5875242688452382,-4.090299216713845,1.8737674647573321,4.4990612569994,-1.0045737418389789,-0.766440186417208,1.2635659706353333,-2.4321547442833356,-0.742681544575937,2.5430203649978185,-0.8687801132732274,1.0143600145611078,1.3355542386438122,-1.9162893489867383,0.5645279915704862,1.9977128728389935,-1.0822129059898045,-0.8754263155936532,1.3919612092026041,0.703293205342603,0.22036481495450458,0.7370088088693416
163,-53.72108843537415,-53.41460469967066,-52.52141764890049,-44.72356108436788,-46.42568764484777,-27.906931624804695,-35.62678796614238,-12.572339781158862,-44.7109693401826,-18.540647301323563,-34.20111838601785,3.2857142857142865,1.2450487004996145,-3.8591801730376174,-11.183047608207216,-8.895079390112757,-12.697683967234848,-2.3418132217563876,15.945734049138336,5.59940321680276,22.539011131996688,8.816984139912282,28.95686612868484,8.15,-0.8562885693932479,-0.46989202839676114,0.9767438929547284,-0.612566428327596,1.2429930611838893,1.385737846515467,-1.080688138304971,-1.1257132204265659,1.5604861764579057,-4.19551166278795,2.1256378557964197,4.703259976504011,-0.971100684020343,-0.7564348334843414,1.2309468696143069,-2.3750972533420587,-0.7234887855111427,2.4828457434148783,-0.38875559863226694,0.7890135834458066,0.8795870339710137,-1.5619112868576819,0.3059768353596,1.5915994131030886,-0.8946740387652382,-1.0380028004443054,1.3703617950638887,0.9200105230047666,0.22144137623958993,0.9462851819353338
164,-53.72108843537415,-53.41084361299617,-52.582391518747116,-44.75918569973253,-46.369603025186414,-27.945452750481707,-35.65026561075681,-12.624814252825203,-44.92573738834399,-18.58754868523129,-34.31705279221666,3.2857142857142865,1.273997935899084,-3.8560164691401932,-11.242531275808153,-8.883623579809024,-12.719342229442496,-2.2756074708513134,15.889795565008276,5.717927855086774,22.501683679039736,8.78175257246979,29.004617586301606,8.200000000000001,-0.6963178738667287,-0.3867181801979609,0.7964982940106677,-0.46241485754969797,1.1001017039071885,1.1933361887675271,-0.9128254220251597,-0.9618972472355709,1.3260831668243058,-3.640477738473679,1.9289175466772108,4.1199273132182395,-0.8180835689455311,-0.6441017886707084,1.041214598412577,-2.011437058400506,-0.611955679753686,2.102467311015721,-0.12978674719848593,0.5819085375697273,0.596206462431348,-1.1886111009946707,0.15372227747495282,1.1985102786375466,-0.6872549666671731,-0.9578343319916501,1.178883368595294,0.8793113776535809,0.19121088712044565,0.8998611571928339
165,-53.72108843537415,-53.38147658233773,-52.62445206826689,-44.78489765816072,-46.30117899489796,-27.979237463486047,-35.66588353164424,-12.67567218218867,-45.14630237337252,-18.63273641105281,-34.43006948771087,3.2857142857142865,1.2901480941769041,-3.867365162933306,-11.311234360979215,-8.872773768296053,-12.739003310718186,-2.205391545388299,15.83421685615205,5.849747561038286,22.46486845158818,8.747514175220886,29.046277306222812,8.25,-0.5481917483382104,-0.30863783287229724,0.6291037313720305,-0.3320185091344293,0.9455777591775095,1.0021744304556015,-0.7493657521193497,-0.7990612095600977,1.095466953893656,-3.071945792044386,1.6982201763111058,3.5101001006366372,-0.6697340187155226,-0.5331639146796212,0.8560417137858075,-1.6557426874291337,-0.5030685903188014,1.730480237835843,0.06519208286338597,0.402619394521809,0.40786319337882726,-0.8625237319489967,0.0338754851062147,0.8631887028143996,-0.5050965511005003,-0.8575566323534534,0.9952516785351413,0.8119484576192385,0.15894138394619367,0.8273588467895848
166,-53.72108843537415,-53.32570124856946,-52.64700208884963,-44.80042910286485,-46.2196637816104,-28.008138060524377,-35.67340537982968,-12.7248947002313,-45.372932452549946,-18.676190476190477,-34.54013605442177,3.2857142857142865,1.2927332975500727,-3.894018674356934,-11.389702160384166,-8.86285986900138,-12.75661359715532,-2.13118075313004,15.779002122030484,5.995213108715083,22.42857142857143,8.714285714285715,29.08156341728784,8.3,-0.41233220221724876,-0.2358041690100101,0.4749962643093391,-0.2220526658676834,0.7794649634595616,0.8104770297053216,-0.590363040067557,-0.6372171058595775,0.868662281371687,-2.489149659837952,1.4325435331044956,2.8719413300607144,-0.52610918360915,-0.42363829416637416,0.6754704119071995,-1.3081067635100732,-0.39687542040703083,1.3669869802101466,0.19388843690777002,0.253334376539043,0.319015724225255,-0.5853554900354863,-0.051299484775273255,0.5875990868380351,-0.3489640971727048,-0.7356117110617905,0.8141870365995864,0.7157738418388825,0.12557547650966816,0.726705850369614
167,-53.72108843537415,-53.32570124856946,-52.64700208884963,-44.80042910286485,-46.2196637816104,-28.008138060524377,-35.67340537982968,-12.7248947002313,-45.372932452549946,-18.676190476190477,-34.54013605442177,3.2857142857142865,1.2927332975500727,-3.894018674356934,-11.389702160384166,-8.86285986900138,-12.75661359715532,-2.13118075313004,15.779002122030484,5.995213108715083,22.42857142857143,8.714285714285715,29.08156341728784,8.35,-0.2891612449133765,-0.16837037120134885,0.3346084390124279,-0.13319261053514475,0.6018070532181341,0.6163700193911615,-0.4358711973498219,-0.4763769345938623,0.6456924070269159,-1.8913231781924118,1.130885405463776,2.2036345351847286,-0.38726621390546767,-0.3155420097864481,0.4995416703066385,-0.9686219097254805,-0.2934240732187623,1.0120899617842904,0.2540098602891502,0.13624170585845183,0.28824089151148297,-0.3588126855689812,-0.09953857519804668,0.37236335920399277,-0.21962290999133313,-0.5904415776484266,0.6299646650479884,0.5886396092496261,0.0920557746039358,0.5957943061287874
168,-53.72108843537415,-53.32570124856946,-52.64700208884963,-44.80042910286485,-46.2196637816104,-28.008138060524377,-35.67340537982968,-12.7248947002313,-45.372932452549946,-18.676190476190477,-34.54013605442177,3.2857142857142865,1.2927332975500727,-3.894018674356934,-11.389702160384166,-8.86285986900138,-12.75661359715532,-2.13118075313004,15.779002122030484,5.995213108715083,22.42857142857143,8.714285714285715,29.08156341728784,8.4,-0.17910088583620304,-0.10648962203664117,0.20836786438608842,-0.06611362592248593,0.4126477649179248,0.417910504084759,-0.2859441354459906,-0.31655269422226506,0.42657901591068664,-1.277700183445595,0.7922435817951694,1.5033853969200799,-0.25326225988339246,-0.20889214419515995,0.32829514188865866,-0.6373807491574748,-0.1927624519544993,0.6658915694616162,0.24326389836202422,0.05352960471711132,0.24908380683508802,-0.18460162886433412,-0.10857772919068698,0.21416555431621473,-0.11783829466377267,-0.4204882416457534,0.43668778898843,0.4283978387886131,0.059324888021841354,0.4324860120484344
169,-53.72108843537415,-53.32570124856946,-52.64700208884963,-44.80042910286485,-46.2196637816104,-28.008138060524377,-35.67340537982968,-12.7248947002313,-45.372932452549946,-18.676190476190477,-34.54013605442177,3.2857142857142865,1.2927332975500727,-3.894018674356934,-11.389702160384166,-8.86285986900138,-12.75661359715532,-2.13118075313004,15.779002122030484,5.995213108715083,22.42857142857143,8.714285714285715,29.08156341728784,8.450000000000001,-0.0825731343952275,-0.05031510410609872,0.0966950475725611,-0.021490994815544437,0.2120308350235938,0.21311719278125874,-0.14063576583608245,-0.15775638320447352,0.2113421280153536,-0.6475145119354925,0.4156158505051283,0.7694228865572951,-0.12415447182190245,-0.10370578004785717,0.1617690381028153,-0.3144759048882971,-0.0949384598147709,0.3284941489696797,0.1593580964807807,0.0073862953519101444,0.1595291831390215,-0.0644286302364036,-0.076152889781793,0.09975124568774635,-0.04437555629749504,-0.224193712585571,0.2285432360837086,0.23290060939302418,0.028325426556209468,0.2346167590885895
170,-53.72108843537415,-53.32570124856946,-52.64700208884963,-44.80042910286485,-46.2196637816104,-28.008138060524377,-35.67340537982968,-12.7248947002313,-45.372932452549946,-18.676190476190477,-34.54013605442177,3.2857142857142865,1.2927332975500727,-3.894018674356934,-11.389702160384166,-8.86285986900138,-12.75661359715532,-2.13118075313004,15.779002122030484,5.995213108715083,22.42857142857143,8.714285714285715,29.08156341728784,8.5,0.0,0.0,0.0,0.0,0.0,0.0,0.0,0.0,0.0,0.0,0.0,0.0,0.0,0.0,0.0,0.0,0.0,0.0,0.0,0.0,0.0,0.0,0.0,0.0,0.0,0.0,0.0,0.0,0.0,0.0
